source_product_id,source,1star_count,2star_count,3star_count,4star_count,5star_count,total_count,average_5star,average_pct
ELRD96GN3WE3BCYP,1,0,0,0,1,1,2,4.5,87.5
ELRD96GNBBBDEHEZ,1,5,1,2,2,7,17,3.294,57.35
ELRD96GNDQZ9RGM2,1,1,0,0,2,0,3,3.0,50.0
ELRD96GNGFZCZANN,1,1,0,1,1,2,5,3.6,65.0
ELRD96GNMGBTYWUF,1,3,0,1,0,1,5,2.2,30.0
ELRD9N8XDU2ZGZCC,1,3,3,1,4,14,25,3.92,73.0
ELRD9N8XEHA83UU9,1,3,2,0,1,5,11,3.273,56.825
ELRD9N8XHDU9UUU6,1,107,30,76,24,69,306,2.732,43.3
ELRDAWTYETDNQQJ8,1,4,2,2,0,1,9,2.111,27.775
ELRDFQRBZQ2H6EHG,1,52,21,50,14,51,188,2.952,48.8
ELRDFRSER7DGT47F,1,3,0,1,1,1,6,2.5,37.5
ELRDJEXRH2K7FVJU,1,24,4,3,4,14,49,2.592,39.8
ELRDVGSZCGZWZFJF,1,9,0,2,0,4,15,2.333,33.325
ELRDY6ERAHHSFR68,1,7,2,2,4,12,27,3.444,61.1
ELRDYRGCUKCTCZCD,1,3,1,0,3,6,13,3.615,65.375
ELRE292ZT9MHHPFM,1,1,1,1,0,1,4,2.75,43.75
ELRE2GV3HWH68YSB,1,1,0,0,0,2,3,3.667,66.675
ELRE2YAASVZGPKFA,1,1,1,0,2,3,7,3.714,67.85
ELRE39Q4CHGUZTJB,1,0,0,1,0,0,1,3.0,50.0
ELRE3FHHJYYGETGX,1,3,2,3,1,9,18,3.611,65.275
ELRE3H54JRHDFGWW,1,9,4,3,11,19,46,3.587,64.675
ELRE3JGGTEPVPNSW,1,2,0,2,3,5,12,3.75,68.75
ELRE4BDBBDBU3UBC,1,0,1,1,2,3,7,4.0,75.0
ELRE4BR5FD2ZVGSD,1,4,0,0,2,1,7,2.429,35.725
ELRE5FCYGGN6GF2Q,1,0,0,1,2,3,6,4.333,83.325
ELRE5GM8HMJGJXKU,1,4,2,3,4,11,24,3.667,66.675
ELRE5GZFTXFZVNQM,1,5,3,1,10,12,31,3.677,66.925
ELRE5HG6XZHXXMGW,1,9,3,1,2,1,16,1.938,23.45
ELRE5HYGHEEUHCVM,1,0,0,0,1,2,3,4.667,91.675
ELRE5M45GZMJDHNX,1,2,0,0,0,1,3,2.333,33.325
ELRE65WVKED7HMTB,1,1,1,1,2,1,6,3.167,54.175
ELRE695FEKS7G8AQ,1,0,0,2,0,1,3,3.667,66.675
ELRE6YVNFHGBMH8A,1,11,5,5,12,23,56,3.554,63.85
ELRE74H9B3FF22ZG,1,0,0,0,1,4,5,4.8,95.0
ELRE7FYTHGKBS6WM,1,1,0,1,1,1,4,3.25,56.25
ELRE7GTGW5QYYAYR,1,1,0,0,1,1,3,3.333,58.325
ELRE7KY47KPHCKKP,1,2,1,1,1,0,5,2.2,30.0
ELRE7M3QWYDPQPYW,1,0,0,1,0,0,1,3.0,50.0
ELRE7RGB9VYNHZHZ,1,0,1,0,0,0,1,2.0,25.0
ELRE7SVEFZBB2KFM,1,8,5,9,17,17,56,3.536,63.4
ELRE8GGRG7VHYESW,1,1,0,0,1,0,2,2.5,37.5
ELRE8VSEETDPUYEW,1,0,0,0,2,2,4,4.5,87.5
ELRE955HEQZ7RHX6,1,0,0,0,0,4,4,5.0,100.0
ELRE9H9GADMU3MXN,1,4,0,0,1,1,6,2.167,29.175
ELRE9JEYQKMSHFWV,1,3,0,0,0,1,4,2.0,25.0
ELRE9ZVQBD6MTBHY,1,0,0,1,3,3,7,4.286,82.15
ELRE9ZY5WBPEGSBT,1,10,1,1,1,0,13,1.462,11.55
ELREAEHFYH9HKK8D,1,19,0,1,3,8,31,2.387,34.675
ELREAF2ZNKZDFJ3Z,1,1,0,0,1,1,3,3.333,58.325
ELREAFCDHPQVBHKY,1,2,0,0,0,1,3,2.333,33.325
ELREAG4DE8CPWFZG,1,4,0,1,1,3,9,2.889,47.225
ELREAHMTMMGVK45H,1,0,0,0,1,4,5,4.8,95.0
ELREAN42BJEGZH3Y,1,4,1,6,11,21,43,4.023,75.575
ELREANM6323HFX5A,1,11,2,1,3,6,23,2.609,40.225
ELREARZGQPHS5YGR,1,2,0,0,1,1,4,2.75,43.75
ELREB56QH4T7EUNQ,1,5,3,4,8,18,38,3.816,70.4
ELREBCMKGHXZR4SJ,1,1,0,0,1,1,3,3.333,58.325
ELREBFDW4JYTBCMH,1,2,0,1,1,2,6,3.167,54.175
ELREBFGHQFZF9RCS,1,0,1,0,1,0,2,3.0,50.0
ELREBH5SPSPPHCYP,1,1,1,0,0,0,2,1.5,12.5
ELREBPZ5MSHHTSDA,1,0,1,0,0,0,1,2.0,25.0
ELREBYMXEZKBXKAF,1,0,0,2,0,1,3,3.667,66.675
ELRECD9KJTHJS626,1,7,3,3,10,14,37,3.568,64.2
ELRECF6D3RFWDWAH,1,3,0,0,0,0,3,1.0,0.0
ELRECHWBNEKG8XHH,1,0,0,1,0,0,1,3.0,50.0
ELRED2ZSHS2ZQ8AB,1,0,1,0,1,3,5,4.2,80.0
ELREDGGEPKUNPRU9,1,0,0,0,1,1,2,4.5,87.5
ELREDKQP5ZQVDSHZ,1,2,0,0,0,2,4,3.0,50.0
ELREDZEH6AA3HFPU,1,1,0,0,1,0,2,2.5,37.5
ELREDZHY53M4DXK4,1,5,1,2,2,11,21,3.619,65.475
ELREDZYSNFSMM6GJ,1,2,0,0,2,8,12,4.167,79.175
ELREE2A5CMYRMHRK,1,1,0,3,0,1,5,3.0,50.0
ELREE7VRYHR5SRZF,1,2,0,2,0,5,9,3.667,66.675
ELREE9B7PKHDMCZZ,1,1,0,0,4,2,7,3.857,71.425
ELREEDEGCHFMMWAX,1,4,0,3,3,6,16,3.438,60.95
ELREEH82G7QWGFAP,1,2,0,1,1,2,6,3.167,54.175
ELREEHHB37RYPNG6,1,1,2,2,9,2,16,3.563,64.075
ELREEMF6SD37MESP,1,18,3,4,2,5,32,2.156,28.9
ELREENEMKF9BFZ2G,1,0,0,0,2,2,4,4.5,87.5
ELREENEMZSDYJPG8,1,1,0,0,3,4,8,4.125,78.125
ELREES7FFZHWWH9E,1,1,0,0,0,0,1,1.0,0.0
ELREF4FVXCYYS6V4,1,8,0,0,0,0,8,1.0,0.0
ELREF7MG2ZQYFBRA,1,0,1,0,1,0,2,3.0,50.0
ELREF7MGP4CZHGFZ,1,0,0,1,1,1,3,4.0,75.0
ELREFAS435J9EXHH,1,0,0,0,0,2,2,5.0,100.0
ELREFAZDPDTPMGPB,1,4,1,1,2,1,9,2.444,36.1
ELREFBFETY9YZY4T,1,15,7,2,8,20,52,3.212,55.3
ELREFBYEYCYEXMTT,1,1,0,1,0,1,3,3.0,50.0
ELREFD84FYYMGZT8,1,6,1,3,5,15,30,3.733,68.325
ELREFDTFHZXBA6TH,1,0,1,6,8,16,31,4.258,81.45
ELREFE2P5TH8MHZX,1,0,0,0,0,1,1,5.0,100.0
ELREFE2PZADZHGQG,1,6,0,0,0,2,8,2.0,25.0
ELREFE2ZC8XU8TZH,1,27,9,20,11,25,92,2.978,49.45
ELREFGPXD83UHMBW,1,4,0,5,3,8,20,3.55,63.75
ELREFN9E3SF5AHAR,1,50,27,56,21,41,195,2.877,46.925
ELREFN9EGXUVUT5Z,1,22,15,30,19,36,122,3.262,56.55
ELREFWW98HTTPHFQ,1,0,0,1,3,5,9,4.444,86.1
ELREFWW9VBVPYQJK,1,5,0,3,2,3,13,2.846,46.15
ELREFXZPRZRPZE82,1,1,0,0,0,1,2,3.0,50.0
ELREFXZPWEEKCTBH,1,2,0,0,0,0,2,1.0,0.0
ELREG38HMATH9ZGF,1,1,0,0,0,0,1,1.0,0.0
ELREG8YTN3BGWGSP,1,1,0,1,1,0,3,2.667,41.675
ELREGDV8TXQUMVTY,1,1,0,0,0,0,1,1.0,0.0
ELREGHDTF4WUQNA6,1,3,0,0,0,3,6,3.0,50.0
ELREGNFQFBR2SXGR,1,0,1,0,0,2,3,4.0,75.0
ELREGP3W2GZKK4HW,1,4,2,3,8,19,36,4.0,75.0
ELREGW3CVZSYFUZZ,1,3,1,4,6,10,24,3.792,69.8
ELREH537AASZA5ZZ,1,3,1,2,6,14,26,4.038,75.95
ELREH6N6UG3W3WSE,1,2,0,0,0,4,6,3.667,66.675
ELREHK4TWBNYHS7S,1,11,1,3,4,16,35,3.371,59.275
ELREHVWEHRHZ687D,1,2,0,0,1,2,5,3.2,55.0
ELREJ4MBKKJVGHQJ,1,10,6,13,13,13,55,3.236,55.9
ELREJJCB8ZCYFUTC,1,21,3,18,20,30,92,3.38,59.5
ELREK34AZWZ2D2HN,1,7,1,6,15,19,48,3.792,69.8
ELREKU7NHEGCNY2K,1,4,2,0,0,0,6,1.333,8.325
ELREM2D86QRYHR4W,1,12,2,7,10,13,44,3.227,55.675
ELREM6V4K7S7FFEE,1,0,0,3,2,3,8,4.0,75.0
ELREMUESCCHSQBGP,1,12,3,8,8,14,45,3.2,55.0
ELREY2FKUAAYKEDY,1,8,5,11,14,16,54,3.463,61.575
ESDD96FET2NSGRJR,1,0,0,5,8,10,23,4.217,80.425
ESDD9N8HW9DTPQHU,1,0,0,0,1,4,5,4.8,95.0
ESDDAWTPYJKM7GH3,1,2,0,2,1,0,5,2.4,35.0
ESDDQSZW7CZHY3DY,1,0,0,0,4,2,6,4.333,83.325
ESDDYHCTDJTDBJTQ,1,1,0,0,0,0,1,1.0,0.0
ESDE2UYYSPWMSZU2,1,0,1,0,0,1,2,3.5,62.5
ESDE526RZZKAW8QB,1,2,0,1,1,8,12,4.083,77.075
ESDE5MFDFYUFQEZE,1,8,1,3,4,7,23,3.043,51.075
ESDE5MFDJQKRPXZQ,1,3,0,2,5,5,15,3.6,65.0
ESDE5MFDTUXNFKDU,1,4,2,2,2,8,18,3.444,61.1
ESDE6GFTRMCZXJHV,1,1,0,0,0,2,3,3.667,66.675
ESDE6P4HHZYMGSUY,1,0,0,0,2,2,4,4.5,87.5
ESDE6TJUPDRX78YZ,1,0,0,1,2,3,6,4.333,83.325
ESDE6VTRBNBRSR9U,1,1,0,1,1,3,6,3.833,70.825
ESDE6VTRVWHSSGFX,1,0,0,1,2,0,3,3.667,66.675
ESDE84FZYEAZWGDX,1,0,0,1,1,9,11,4.727,93.175
ESDE8RHRZ3RWYH6U,1,2,0,0,1,0,3,2.0,25.0
ESDE8ZGJVJQEJAFW,1,4,3,1,14,21,43,4.047,76.175
ESDEAEHFA3XERZHF,1,1,0,0,0,1,2,3.0,50.0
ESDEBGHFKYRKYS9T,1,1,0,1,1,0,3,2.667,41.675
ESDEBHBJ2WQJKXZU,1,1,1,1,6,10,19,4.211,80.275
ESDEBHBPSB7EUFQE,1,0,0,0,2,4,6,4.667,91.675
ESDEDF2ZGWVPPRQN,1,3,3,8,5,16,35,3.8,70.0
ESDEDSHFJ78DZC5G,1,0,0,0,0,1,1,5.0,100.0
ESDEE9HF7FWRGCKH,1,0,0,1,5,2,8,4.125,78.125
ESDEHK52W2J86AZC,1,10,3,5,13,18,49,3.531,63.275
ESDEMHYSJRYF73PT,1,1,0,3,4,6,14,4.0,75.0
KJLD96JH4PEKQEXA,1,12,2,3,4,6,27,2.63,40.75
KJLD96JH8PNZZYWU,1,2,1,0,1,0,4,2.0,25.0
KJLD96JHVMTKUAWB,1,6,3,5,7,17,38,3.684,67.1
KJLD96JHZRXJWPED,1,22,10,14,20,41,107,3.449,61.225
KJLD9N9FJM2WCRFN,1,1,1,2,1,4,9,3.667,66.675
KJLDADR2RVFGEFY4,1,93,29,43,26,44,235,2.57,39.25
KJLDAWUN54UUHDYG,1,0,1,2,3,0,6,3.333,58.325
KJLDCPSA9YCEHE9D,1,4,0,1,0,4,9,3.0,50.0
KJLDP2BTRVZYHGZE,1,7,3,3,1,10,24,3.167,54.175
KJLDQX983DGXDFG8,1,64,25,27,15,40,171,2.661,41.525
KJLDREHHDNEGQGFW,1,3,0,1,6,3,13,3.462,61.55
KJLDRG34G6PRGGUU,1,79,29,47,25,66,246,2.878,46.95
KJLDU84SJ4SYGKZ2,1,6,0,2,0,5,13,2.846,46.15
KJLDVFHAFN7GNU6B,1,28,6,6,27,31,98,3.276,56.9
KJLDY8HBZQNYZZNT,1,10,4,4,8,21,47,3.553,63.825
KJLDYR464WH68GNY,1,6,1,2,3,7,19,3.211,55.275
KJLDZY7J5KBFZBRR,1,0,0,0,1,1,2,4.5,87.5
KJLE292Z7JKP6BER,1,3,1,1,1,1,7,2.429,35.725
KJLE2DAJUF7KADCQ,1,116,31,54,15,55,271,2.491,37.275
KJLE2ZKNZDWZYGA9,1,2,0,0,0,1,3,2.333,33.325
KJLE3R7TNJEFJGAS,1,2,0,1,0,0,3,1.667,16.675
KJLE4MNQBSFQVXKS,1,27,8,3,4,14,56,2.464,36.6
KJLE524QHPT4ZJS7,1,20,4,3,9,20,56,3.089,52.225
KJLE56GAZZMB6DN7,1,28,5,8,7,20,68,2.794,44.85
KJLE5GM7G2C5BFBZ,1,3,0,0,0,1,4,2.0,25.0
KJLE5GVGSQH665HR,1,4,1,2,2,2,11,2.727,43.175
KJLE5QUGXZDTAC2G,1,1,0,1,4,5,11,4.091,77.275
KJLE67Z4FPZG5CBT,1,4,0,0,0,2,6,2.333,33.325
KJLE6SR4V7GNHBEH,1,6,2,2,3,4,17,2.824,45.6
KJLE74UERWNQHMZD,1,0,0,0,1,2,3,4.667,91.675
KJLE7NK9YRHZ7WFR,1,4,2,1,3,5,15,3.2,55.0
KJLE8KXYKXAB2FAY,1,9,2,11,12,26,60,3.733,68.325
KJLE9ZY5NTWHRWBX,1,5,0,0,1,2,8,2.375,34.375
KJLEAEH4HYGW9UJX,1,23,2,4,4,4,37,2.027,25.675
KJLEAFF7GUHMQMWD,1,39,6,11,13,33,102,2.951,48.775
KJLEAGGFZAANFG3S,1,3,0,0,2,1,6,2.667,41.675
KJLEARCDRMG6C8JX,1,1,0,0,0,0,1,1.0,0.0
KJLEAWAKZQ8WCA87,1,0,0,1,0,0,1,3.0,50.0
KJLEBFYYVWQRM38Z,1,7,3,4,3,3,20,2.6,40.0
KJLEBPFHZWJZKZGD,1,13,1,1,0,2,17,1.647,16.175
KJLEBZCDUY2MYHGE,1,44,10,8,14,23,99,2.616,40.4
KJLEC88G56FHUYRG,1,24,5,16,16,38,99,3.394,59.85
KJLECFM9WHZXZGHG,1,1,0,0,0,0,1,1.0,0.0
KJLEDAWZX5HJM5GH,1,1,0,0,1,3,5,4.0,75.0
KJLEDQQ65MWSDWQG,1,38,5,4,17,32,96,3.0,50.0
KJLEE5UHAPEWHHZA,1,26,1,2,0,6,35,1.829,20.725
KJLEE5V3GQZRJWZA,1,2,0,0,0,0,2,1.0,0.0
KJLEEJZ3RVXHEYGK,1,15,0,0,5,10,30,2.833,45.825
KJLEEZH3Z2CYJGW7,1,12,2,7,11,26,58,3.638,65.95
KJLEF5TXDKDEEFHR,1,0,0,0,1,2,3,4.667,91.675
KJLEFBHCJGYAAR3J,1,1,0,1,0,2,4,3.5,62.5
KJLEFDT2M77BTHFY,1,7,3,3,7,3,23,2.826,45.65
KJLEFFCYVFRA7MZZ,1,1,0,0,1,1,3,3.333,58.325
KJLEFFHHG8AZNHYC,1,0,0,0,1,0,1,4.0,75.0
KJLEFHYTKCSZ6GJP,1,5,1,1,0,3,10,2.5,37.5
KJLEFRP4GYZFJJD8,1,3,2,2,1,1,9,2.444,36.1
KJLEFY9JFMPQ4SMU,1,2,2,0,4,5,13,3.615,65.375
KJLEG445EANMZQRU,1,22,2,0,1,1,26,1.346,8.65
KJLEG4DF7TMGJRAA,1,8,0,0,2,1,11,1.909,22.725
KJLEG7GCMWXW92UC,1,8,0,3,0,1,12,1.833,20.825
KJLEG7PT3WVDXGWY,1,25,2,3,6,15,51,2.686,42.15
KJLEG7PWVJ65BXCA,1,33,8,8,7,18,74,2.581,39.525
KJLEG8AU2VCFXYTU,1,26,1,0,1,3,31,1.516,12.9
KJLEG8AW7NT2JZYU,1,15,3,0,2,5,25,2.16,29.0
KJLEG8HEC3HTGYWT,1,1,0,0,0,1,2,3.0,50.0
KJLEGE5SFMRMGCYQ,1,18,0,0,2,2,22,1.636,15.9
KJLEGE5URSWQYZ5M,1,9,0,0,0,2,11,1.727,18.175
KJLEGG7VJE4KMHUD,1,29,1,0,3,7,40,1.95,23.75
KJLEGKAS2RRQANMF,1,9,1,1,1,1,13,1.769,19.225
KJLEGKAS6UEZK27H,1,5,3,0,1,2,11,2.273,31.825
KJLEGKHWPZFGSGPE,1,20,4,3,5,3,35,2.057,26.425
KJLEGQEAFFWA6D4H,1,1,1,0,4,7,13,4.154,78.85
KJLEGSFBB5QHYGZQ,1,22,0,1,1,3,27,1.63,15.75
KJLEGU3THNTSPQJY,1,21,1,1,0,1,24,1.292,7.3
KJLEGZBPYUHWWAVE,1,2,2,0,1,0,5,2.0,25.0
KJLEGZVRD9Q8Q5TY,1,74,22,36,18,58,208,2.827,45.675
KJLEHGR2VS7E47WM,1,25,3,5,7,7,47,2.319,32.975
KJLEHGRG8326XPG8,1,26,4,1,4,8,43,2.163,29.075
KJLEHHVGJQZTJGFV,1,13,0,0,1,3,17,1.882,22.05
KJLEHQ422PH93ZVH,1,5,3,4,16,15,43,3.767,69.175
KJLEHT8P4SYVX7ZB,1,28,1,0,0,4,33,1.515,12.875
KJLEHT8PGQHHM9VR,1,21,0,0,0,3,24,1.5,12.5
KJLEHVUUWVKTZW46,1,1,1,0,2,0,4,2.75,43.75
KJLEHWM3HFZ53VPD,1,46,11,6,7,4,74,1.811,20.275
KJLEHWN23YE6T5ZA,1,12,1,0,0,1,14,1.357,8.925
KJLEHYRUGWZFCREK,1,0,0,0,0,1,1,5.0,100.0
KJLEHYRUV5X4BDKF,1,1,0,0,0,0,1,1.0,0.0
KJLEJAHCZ6FEZ8K4,1,8,5,8,7,14,42,3.333,58.325
KJLEJB6ZPHMQRJQ8,1,7,2,0,1,0,10,1.5,12.5
KJLEJR2AFAHT8WZ3,1,10,0,5,8,17,40,3.55,63.75
KJLEK5V97DJTURR9,1,12,6,16,18,21,73,3.411,60.275
KJLEKHE3MDTWHQEU,1,0,0,1,0,0,1,3.0,50.0
MCRD96JBWPXDY93Z,1,17,2,9,10,22,60,3.3,57.5
MCRD9N8QHUQGED5C,1,4,0,6,10,15,35,3.914,72.85
MCRDAH3TSMY7Z5TR,1,6,4,6,4,18,38,3.632,65.8
MCRDAH3TWGQFGYAH,1,3,1,5,6,12,27,3.852,71.3
MCRDAWUJGNZJNYSA,1,3,2,0,0,1,6,2.0,25.0
MCRDCPTHQFVXYREC,1,4,0,0,1,7,12,3.583,64.575
MCRDE69CZZACKY4F,1,17,5,18,9,17,66,3.061,51.525
MCRDFNM4CFGH27UH,1,6,1,2,5,16,30,3.8,70.0
MCRE6WB2UG7XX42V,1,1,0,2,1,2,6,3.5,62.5
MCRECYBZDBHUWTVH,1,1,0,1,0,2,4,3.5,62.5
MCRECYBZN9HXHZSR,1,7,0,0,1,1,9,1.778,19.45
MCREE9CQGPHG3MUX,1,3,0,0,0,1,4,2.0,25.0
MCREF7MGH6EUZWPB,1,5,1,1,1,2,10,2.4,35.0
MCREFM4P9YD9JVAC,1,3,2,1,3,1,10,2.7,42.5
MCREHKWH2FXDHHRG,1,7,0,3,9,9,28,3.464,61.6
MCREJ2VGPZJHV2KB,1,0,2,1,0,1,4,3.0,50.0
B0006LNC2G,1,3,1,1,2,2,9,2.889,47.225
B0015UPN5Q,1,18,1,1,2,10,32,2.531,38.275
B002S8Z642,1,0,0,0,2,2,4,4.5,87.5
B0044WOFQK,1,15,4,8,10,25,62,3.419,60.475
B004DIUX16,1,0,1,1,1,1,4,3.5,62.5
B0050NUKQG,1,1,1,0,0,0,2,1.5,12.5
B005DP1YDE,1,1,0,1,4,6,12,4.167,79.175
B005JATI1S,1,0,1,1,2,1,5,3.6,65.0
B005LSZF0Q,1,0,0,0,1,0,1,4.0,75.0
B005QJ83OK,1,22,4,4,6,16,52,2.808,45.2
B006LX8GEC,1,293,66,55,77,113,604,2.422,35.55
B006LX8H6O,1,139,34,41,59,110,383,2.914,47.85
B006LXBFUO,1,1,0,1,2,1,5,3.4,60.0
B006LXBG8K,1,17,4,12,8,11,52,2.846,46.15
B006LXBJAU,1,0,0,0,2,4,6,4.667,91.675
B006LXBSYM,1,245,68,114,208,423,1058,3.469,61.725
B007448HKK,1,3,2,2,1,1,9,2.444,36.1
B0077HAPBI,1,8,4,2,6,14,34,3.412,60.3
B00791CZXI,1,44,16,30,44,107,241,3.639,65.975
B00791F3A0,1,5,0,0,0,2,7,2.143,28.575
B0079Z0AMM,1,69,25,39,74,148,355,3.583,64.575
B0079Z44F6,1,2,1,3,8,8,22,3.864,71.6
B0079Z5URW,1,5,3,11,12,54,85,4.259,81.475
B0079Z7GH4,1,25,9,15,18,20,87,2.989,49.725
B007BXMKGQ,1,1,0,0,0,1,2,3.0,50.0
B007OWU4QW,1,33,4,9,33,52,131,3.511,62.775
B0084A5N0A,1,1,1,0,0,2,4,3.25,56.25
B008EADV5E,1,0,0,0,0,2,2,5.0,100.0
B008KH2VU2,1,104,37,41,101,179,462,3.463,61.575
B008KH3TB2,1,29,6,15,19,49,118,3.449,61.225
B008KH5258,1,7,3,7,28,31,76,3.961,74.025
B00932C9BY,1,8,1,2,6,6,23,3.043,51.075
B009NQS3HY,1,129,25,39,121,180,494,3.401,60.025
B009WI34IQ,1,0,0,0,0,1,1,5.0,100.0
B00B1DRA94,1,0,0,1,0,1,2,4.0,75.0
B00B2YHXRG,1,0,0,1,0,0,1,3.0,50.0
B00BMMUUI2,1,1,0,1,0,5,7,4.143,78.575
B00BSCZMS4,1,2,0,0,4,0,6,3.0,50.0
B00CP3GEFK,1,12,7,9,21,30,79,3.633,65.825
B00CP3GF2M,1,4,0,2,1,3,10,2.9,47.5
B00CWAJET4,1,35,5,1,3,7,51,1.863,21.575
B00CWZOYK8,1,2,1,0,1,1,5,2.6,40.0
B00D161UJA,1,2,0,1,2,4,9,3.667,66.675
B00D161WOI,1,41,21,37,98,159,356,3.879,71.975
B00D162328,1,29,6,29,50,123,237,3.979,74.475
B00D2XGT8Y,1,39,12,15,37,69,172,3.494,62.35
B00DRE234M,1,1,0,1,0,2,4,3.5,62.5
B00EVMJEVE,1,1,1,0,0,0,2,1.5,12.5
B00FJWRESU,1,11,4,6,9,9,39,3.026,50.65
B00FVREDAA,1,0,0,0,2,2,4,4.5,87.5
B00FVREVAW,1,0,0,0,0,1,1,5.0,100.0
B00GSUCEJ6,1,1,0,3,0,4,8,3.75,68.75
B00HU31KJ0,1,1,1,2,2,1,7,3.143,53.575
B00HVVVPWS,1,3,0,0,1,1,5,2.4,35.0
B00HVVXK08,1,20,11,17,23,37,108,3.426,60.65
B00INSQE06,1,2,1,1,0,1,5,2.4,35.0
B00INSZBAU,1,1,0,0,1,1,3,3.333,58.325
B00INT6N8S,1,8,3,2,3,5,21,2.714,42.85
B00IXHIDRY,1,17,3,3,3,5,31,2.226,30.65
B00JLD6ZZQ,1,1,2,1,0,1,5,2.6,40.0
B00JTD1ZM6,1,1,0,0,0,0,1,1.0,0.0
B00KLXZAGK,1,0,0,0,1,0,1,4.0,75.0
B00KU0EDNA,1,12,1,2,5,9,29,2.931,48.275
B00KXX7A16,1,0,1,1,0,5,7,4.286,82.15
B00L2TDZ14,1,1,0,0,0,0,1,1.0,0.0
B00M1HLKG8,1,2,0,2,0,1,5,2.6,40.0
B00MM4H3Q6,1,7,4,3,2,6,22,2.818,45.45
B00MR4X7O8,1,0,0,1,1,1,3,4.0,75.0
B00NC0LVXU,1,2,1,0,0,2,5,2.8,45.0
B00NM6STRU,1,2,0,0,0,1,3,2.333,33.325
B00ONTSDNU,1,1,0,0,0,0,1,1.0,0.0
B00OTMBTKK,1,2,0,0,1,0,3,2.0,25.0
B00PQO6EDC,1,1,0,0,0,0,1,1.0,0.0
B00QPT54T2,1,0,0,0,3,3,6,4.5,87.5
B00QQU0HF6,1,9,4,5,16,32,66,3.879,71.975
B00RHX42RK,1,5,2,1,3,2,13,2.615,40.375
B00RNWYFJA,1,0,0,1,1,2,4,4.25,81.25
B00S4R5RGI,1,130,51,75,137,185,578,3.339,58.475
B00S6CXF38,1,67,15,54,116,181,433,3.76,69.0
B00SD76Q9Q,1,0,0,1,1,6,8,4.625,90.625
B00SEFC7QS,1,2,0,0,0,0,2,1.0,0.0
B00SFJIIMA,1,5,2,6,19,14,46,3.761,69.025
B00SFUYIZK,1,1,0,0,1,0,2,2.5,37.5
B00SIINZ5S,1,68,14,36,65,133,316,3.573,64.325
B00V6JJTAQ,1,0,0,0,0,1,1,5.0,100.0
B00VLPZ0FS,1,17,4,16,36,49,122,3.787,69.675
B00W6MA0G4,1,10,4,7,10,8,39,3.051,51.275
B00WQAWD52,1,0,1,0,0,0,1,2.0,25.0
B00WWCEK3W,1,11,0,3,3,6,23,2.696,42.4
B00XPYUBPC,1,3,0,2,1,0,6,2.167,29.175
B00XYELEQS,1,0,2,2,2,0,6,3.0,50.0
B00XYELGYI,1,0,0,2,0,2,4,4.0,75.0
B00Y53N8S4,1,17,1,4,8,11,41,2.878,46.95
B00YNLWY6K,1,0,0,1,2,0,3,3.667,66.675
B00YSBV4D4,1,7,2,3,16,32,60,4.067,76.675
B010D73KGK,1,10,6,4,14,20,54,3.519,62.975
B010M5M622,1,3,2,1,1,2,9,2.667,41.675
B013I36AI6,1,0,0,3,2,1,6,3.667,66.675
B013UVAYIS,1,1,0,0,1,0,2,2.5,37.5
B014WD5SWA,1,2,0,0,2,0,4,2.5,37.5
B0161MF3YI,1,1,0,1,1,1,4,3.25,56.25
B01658DXSG,1,1,1,0,0,0,2,1.5,12.5
B016C1EZQU,1,3,0,0,0,1,4,2.0,25.0
B016UARSKI,1,9,3,6,9,17,44,3.5,62.5
B017GXV71Y,1,15,2,5,21,73,116,4.164,79.1
B017YSLMZ2,1,1,1,1,0,4,7,3.714,67.85
B017YXFMU8,1,45,0,2,1,3,51,1.373,9.325
B018KAYDKE,1,1,1,2,0,3,7,3.429,60.725
B018KFNYT0,1,0,3,0,0,4,7,3.714,67.85
B018U6EZLA,1,2,3,4,9,16,34,4.0,75.0
B018VD2NOS,1,75,18,5,9,7,114,1.728,18.2
B018X9TQCC,1,1,0,0,1,1,3,3.333,58.325
B0191AN2PY,1,0,0,1,0,1,2,4.0,75.0
B019F221CI,1,1,1,0,1,2,5,3.4,60.0
B01AF1HM2M,1,6,2,13,8,33,62,3.968,74.2
B01ALYHUJS,1,3,0,1,2,1,7,2.714,42.85
B01ANHEHCQ,1,0,1,1,1,4,7,4.143,78.575
B01B97PNZ4,1,4,0,0,0,1,5,1.8,20.0
B01BKCSLB6,1,5,2,4,9,14,34,3.735,68.375
B01CGEKYFS,1,7,2,4,4,9,26,3.231,55.775
B01CJUTUX6,1,1,0,0,1,0,2,2.5,37.5
B01CJUUKJY,1,2,1,0,2,4,9,3.556,63.9
B01CJW4X54,1,5,0,1,1,0,7,1.714,17.85
B01CJWKAEM,1,1,0,0,0,0,1,1.0,0.0
B01DNTKUQS,1,27,4,14,23,64,132,3.705,67.625
B01DNTKW66,1,0,1,0,0,1,2,3.5,62.5
B01DYD2UJI,1,0,0,0,0,1,1,5.0,100.0
B01DYDAOZ0,1,4,0,1,1,2,8,2.625,40.625
B01E5J90BQ,1,6,2,2,7,7,24,3.292,57.3
B01EHNVOQY,1,1,0,1,1,3,6,3.833,70.825
B01ET104XI,1,3,2,0,0,1,6,2.0,25.0
B01G3KC6YI,1,5,1,1,0,0,7,1.429,10.725
B01G5YAI0Q,1,1,0,0,1,2,4,3.75,68.75
B01G5YAJ00,1,0,1,0,1,3,5,4.2,80.0
B01GFQOLPW,1,1,0,0,0,1,2,3.0,50.0
B01H3P7DMC,1,2,1,1,1,4,9,3.444,61.1
B01H3QJJNW,1,18,4,11,28,28,89,3.494,62.35
B01K1TQJCW,1,2,0,1,0,6,9,3.889,72.225
B01KHOKSL4,1,2,2,2,0,5,11,3.364,59.1
B01LNT7T0A,1,4,2,3,2,3,14,2.857,46.425
B01LNT83KK,1,40,21,37,99,246,443,4.106,77.65
B01LYAFGRP,1,1,0,0,0,1,2,3.0,50.0
B01M02U7D5,1,4,0,1,6,9,20,3.8,70.0
B01M4MLYCF,1,2,1,0,4,5,12,3.75,68.75
229027589,1,0,0,1,0,1,2,4.0,75.0
266325717,1,0,0,1,2,4,7,4.429,85.725
645311850469,1,0,0,0,3,6,9,4.667,91.675
1424517796,1,0,0,0,0,1,1,5.0,100.0
1626068579,1,0,0,0,0,3,3,5.0,100.0
208886,1,0,0,0,0,1,1,5.0,100.0
208874,1,0,0,0,1,2,3,4.667,91.675
1976458481,1,0,0,0,1,3,4,4.75,93.75
1754218626,1,0,1,0,1,0,2,3.0,50.0
948344342,1,1,0,0,1,0,2,2.5,37.5
1168295109,1,0,0,0,2,0,2,4.0,75.0
1152265349,1,3,0,18,37,96,154,4.448,86.2
651368589308,1,0,0,1,1,0,2,3.5,62.5
98143210,1,0,0,1,8,16,25,4.6,90.0
624411367773,1,0,0,2,2,9,13,4.538,88.45
672230324048,1,0,0,1,5,11,17,4.588,89.7
629678475741,1,2,0,0,0,4,6,3.667,66.675
602353087,1,0,1,5,3,16,25,4.36,84.0
1425994229,1,5,3,16,98,234,356,4.553,88.825
426047,1,4,2,2,29,126,163,4.663,91.575
833548644,1,0,0,0,3,6,9,4.667,91.675
645985382435,1,2,1,5,7,15,30,4.067,76.675
630926984978,1,1,0,3,18,41,63,4.556,88.9
42588,1,5,1,9,62,137,214,4.519,87.975
1285270121,1,7,1,4,15,76,103,4.476,86.9
674574400455,1,1,0,0,6,20,27,4.63,90.75
645058595421,1,3,0,3,6,7,19,3.737,68.425
1509601943,1,0,0,0,2,1,3,4.333,83.325
1284449134,1,0,0,0,0,2,2,5.0,100.0
1788618333,1,0,0,0,2,3,5,4.6,90.0
1808911429,1,1,0,3,4,8,16,4.125,78.125
638054144929,1,0,0,1,0,2,3,4.333,83.325
636120314408,1,0,0,0,0,1,1,5.0,100.0
652894044460,1,0,0,0,0,1,1,5.0,100.0
677721270670,1,1,0,0,1,4,6,4.167,79.175
1083405119,1,1,0,0,0,3,4,4.0,75.0
632594087778,1,0,0,0,0,1,1,5.0,100.0
100566301,1,0,0,0,1,0,1,4.0,75.0
677049734273,1,0,0,1,1,0,2,3.5,62.5
1725173635,1,2,2,0,6,9,19,3.947,73.675
1185735132,1,1,0,0,4,1,6,3.667,66.675
672225795378,1,0,0,1,0,2,3,4.333,83.325
661275816106,1,0,0,1,10,15,26,4.538,88.45
643841921006,1,0,0,0,0,1,1,5.0,100.0
1351072,1,0,1,0,2,4,7,4.286,82.15
1351143,1,0,1,0,0,0,1,2.0,25.0
1259276,1,1,0,0,5,3,9,4.0,75.0
1351107,1,0,0,0,1,0,1,4.0,75.0
1351081,1,0,0,1,0,0,1,3.0,50.0
232732,1,0,0,0,1,0,1,4.0,75.0
633515131384,1,0,0,0,1,2,3,4.667,91.675
664049875200,1,0,0,0,1,2,3,4.667,91.675
498672492,1,1,0,0,0,0,1,1.0,0.0
1463781,1,1,0,2,0,0,3,2.333,33.325
1032125616,1,0,1,0,0,5,6,4.5,87.5
675328089967,1,1,0,1,2,16,20,4.6,90.0
535235531,1,7,0,2,14,28,51,4.098,77.45
677019119829,1,3,0,1,1,3,8,3.125,53.125
664885219735,1,0,0,0,0,2,2,5.0,100.0
848941721,1,0,0,1,4,4,9,4.333,83.325
680591267030,1,0,0,0,1,1,2,4.5,87.5
799600135,1,0,0,2,2,4,8,4.25,81.25
2095561281,1,2,0,5,19,44,70,4.471,86.775
686709603541,1,0,0,0,3,15,18,4.833,95.825
6478,1,18,32,78,354,420,902,4.248,81.2
14986,1,7,10,62,251,319,649,4.333,83.325
25727,1,1,4,2,7,10,24,3.875,71.875
26658,1,4,2,27,86,200,319,4.492,87.3
44879,1,7,8,38,85,116,254,4.161,79.025
108481,1,1,6,16,98,225,346,4.561,89.025
2145,1,20,20,81,301,386,808,4.254,81.35
73137,1,5,15,82,427,919,1448,4.547,88.675
15262,1,9,11,42,142,174,378,4.22,80.5
7144,1,10,12,59,115,95,291,3.938,73.45
18412,1,2,6,13,90,320,431,4.671,91.775
32165,1,1,0,0,7,13,21,4.476,86.9
90470,1,2,0,13,70,425,510,4.796,94.9
90475,1,2,4,5,31,132,174,4.649,91.225
25360,1,1,1,2,5,7,16,4.0,75.0
38009,1,3,2,11,16,30,62,4.097,77.425
11930,1,5,3,8,40,58,114,4.254,81.35
479,1,1,3,3,26,56,89,4.494,87.35
1108,1,2,1,6,10,23,42,4.214,80.35
20759,1,9,7,28,135,245,424,4.415,85.375
310,1,0,2,11,45,51,109,4.33,83.25
39570,1,1,5,17,30,73,126,4.341,83.525
77503,1,1,1,13,29,48,92,4.326,83.15
29335,1,15,23,45,92,76,251,3.761,69.025
7588,1,8,6,14,53,73,154,4.149,78.725
90492,1,1,0,1,14,80,96,4.792,94.8
21877,1,0,0,0,5,18,23,4.783,94.575
11501,1,4,5,22,85,197,313,4.489,87.225
18500,1,23,20,63,165,197,468,4.053,76.325
39576,1,1,1,8,23,52,85,4.459,86.475
108471,1,0,2,3,7,14,26,4.269,81.725
1047,1,6,3,17,49,71,146,4.205,80.125
24093,1,4,15,52,130,176,377,4.218,80.45
22077,1,3,1,13,21,41,79,4.215,80.375
30588,1,0,1,2,0,3,6,3.833,70.825
26149,1,0,1,3,11,8,23,4.13,78.25
110406,1,3,6,8,56,122,195,4.477,86.925
33945,1,2,3,10,18,17,50,3.9,72.5
55103,1,0,0,5,5,6,16,4.063,76.575
4959,1,3,0,5,18,33,59,4.322,83.05
11921,1,1,1,1,9,9,21,4.143,78.575
2111,1,0,0,1,4,3,8,4.25,81.25
90111,1,1,1,5,18,68,93,4.624,90.6
90344,1,3,2,8,58,270,341,4.73,93.25
11511,1,0,0,4,10,14,28,4.357,83.925
90317,1,0,0,1,5,17,23,4.696,92.4
90341,1,0,2,1,0,3,6,3.667,66.675
41460,1,2,2,9,42,47,102,4.275,81.875
35494,1,2,3,4,24,28,61,4.197,79.925
ELRDJ77CYSGMHRB4,1,1,0,0,0,2,3,3.667,66.675
ELRDTYFRH49VKJKN,1,1,0,0,0,1,2,3.0,50.0
ELRDY9NBHAHCXHSE,1,2,0,0,0,0,2,1.0,0.0
ELRE6F845RTYFXHF,1,2,0,0,0,0,2,1.0,0.0
ELRE73V3ZPSTU5ZS,1,2,1,0,0,0,3,1.333,8.325
ELRE83FNNJPBHN24,1,1,0,0,0,0,1,1.0,0.0
ELREAHMSATBUXJVQ,1,0,0,1,1,1,3,4.0,75.0
ELREB7C4VVYHYJDP,1,1,0,0,0,0,1,1.0,0.0
ELREDUU9QWNHYF8B,1,2,0,0,3,0,5,2.8,45.0
ELREE9B7BARC2SBF,1,2,0,0,2,3,7,3.571,64.275
ELREEH82KSAH3FB4,1,8,0,2,1,1,12,1.917,22.925
ELREF7FPUEGJGTGQ,1,3,1,3,2,1,10,2.7,42.5
ELREFAZBYFXJGAGQ,1,1,0,0,0,1,2,3.0,50.0
ELREFAZCWSBC3SSN,1,7,0,0,0,1,8,1.5,12.5
ELREFBFEP5WDYHE8,1,0,0,2,0,1,3,3.667,66.675
ELREFN9FH5ET3E4M,1,0,1,0,1,1,3,3.667,66.675
ELREG7RG6M7SBYFS,1,1,0,1,1,0,3,2.667,41.675
ELREG8EGGGMDCX3U,1,1,0,0,1,0,2,2.5,37.5
ELREGGK6SH9XGEFG,1,1,0,0,0,0,1,1.0,0.0
ELREGGQ3MUDPCH4J,1,0,0,2,1,1,4,3.75,68.75
ELREGKCRY258KKJX,1,1,0,2,0,7,10,4.2,80.0
ELREH3ZD5ZHGEM4H,1,5,1,1,0,1,8,1.875,21.875
ELREHWC73EAK2Z5C,1,0,0,0,2,7,9,4.778,94.45
ELREJCDB6HC7RSSQ,1,2,0,0,0,3,5,3.4,60.0
ELREJCTMAAV46E8D,1,2,0,0,0,0,2,1.0,0.0
ELREKB98XNHGQAUV,1,5,0,0,0,3,8,2.5,37.5
ELREY7M9CWGZPYEN,1,0,0,1,0,0,1,3.0,50.0
ELREYGVRCHRWUTHN,1,0,1,1,0,1,3,3.333,58.325
ESDD96FECZDYCX89,1,1,0,0,0,1,2,3.0,50.0
ESDDFPSFGMMP4V2P,1,0,0,1,1,0,2,3.5,62.5
ESDE3JNYEASGDEWZ,1,0,0,1,1,2,4,4.25,81.25
ESDE3JNYED5KKBVH,1,1,0,1,1,1,4,3.25,56.25
ESDE3RG83GWZNGDJ,1,4,0,0,1,1,6,2.167,29.175
ESDE3WR8BFRB75E8,1,1,0,0,0,0,1,1.0,0.0
ESDE4GFBGSYAQG8Z,1,0,0,0,1,0,1,4.0,75.0
ESDE5MFDACSHDEHR,1,12,2,2,5,7,28,2.75,43.75
ESDE5MFDRA4JUZ8Y,1,0,0,1,1,0,2,3.5,62.5
ESDE5MFDVKJHAUNJ,1,4,0,1,4,2,11,3.0,50.0
ESDE8P937VSHAPZD,1,2,0,1,7,7,17,4.0,75.0
ESDE9A8QX3CGMGE8,1,1,0,0,0,0,1,1.0,0.0
ESDEA2H4SESHY7GK,1,0,2,2,2,0,6,3.0,50.0
ESDEAM7QWQRUS9Z3,1,1,0,0,2,1,4,3.5,62.5
ESDEAMHPSMPVSP4J,1,1,0,0,1,0,2,2.5,37.5
ESDEAXBWXMFHKHVS,1,2,1,0,1,6,10,3.8,70.0
ESDEAZ6FG6CNTMSX,1,0,0,1,0,0,1,3.0,50.0
ESDEBGGRPRFTDXVA,1,0,0,0,2,6,8,4.75,93.75
ESDEBGGRUZEHKESZ,1,0,0,0,2,1,3,4.333,83.325
ESDEBHWTHJPXNV3Z,1,1,0,0,0,1,2,3.0,50.0
ESDECF9MMYZTSBNC,1,0,2,0,1,7,10,4.3,82.5
ESDECH27HYGZSTY8,1,5,2,1,3,4,15,2.933,48.325
ESDECJF7WMZDVAQK,1,3,1,5,1,3,13,3.0,50.0
ESDEDKGJZGD8JDQY,1,0,0,0,2,0,2,4.0,75.0
ESDEDNYBNHBXSNYN,1,1,0,0,0,0,1,1.0,0.0
ESDEE9FV9RNSREQ4,1,0,0,0,1,0,1,4.0,75.0
ESDEES7EEHRHVCF7,1,14,0,2,0,2,18,1.667,16.675
ESDEES7EZRDBSEAA,1,4,0,0,0,1,5,1.8,20.0
ESDEFZYFV7VBDHZD,1,0,1,0,0,4,5,4.4,85.0
ESDEG77XH6G6PMCK,1,3,0,0,0,13,16,4.25,81.25
ESDEGNRRPMBUJ7GF,1,0,0,1,9,3,13,4.154,78.85
ESDEKRVVZZPMJNZ4,1,0,0,1,0,1,2,4.0,75.0
ESDEKTTC85Y6ZTYQ,1,10,1,15,14,21,61,3.574,64.35
ESDEYFCYPDFESH5P,1,3,0,1,0,0,4,1.5,12.5
KJLE2EMYDDUKVC8X,1,1,0,0,0,0,1,1.0,0.0
KJLE4BD3EP9WYTCD,1,2,0,0,0,3,5,3.4,60.0
KJLEBHZ8CUGHG6R7,1,4,0,0,0,0,4,1.0,0.0
KJLEEP38QMAGUYFK,1,0,1,0,0,0,1,2.0,25.0
KJLEFWW9FP9JWARK,1,1,1,0,0,0,2,1.5,12.5
KJLEG6ZKSTPCGMHT,1,4,1,0,0,1,6,1.833,20.825
KJLEG7PTZ3HSNGX8,1,8,0,0,0,2,10,1.8,20.0
KJLEHDCCDY2NSPGJ,1,2,0,0,1,2,5,3.2,55.0
KJLEHMKXXNSHZE8Z,1,2,0,0,0,3,5,3.4,60.0
KJLEHTHYZEVRMTAH,1,24,7,3,4,6,44,2.114,27.85
KJLEHZXVTYURBGCN,1,7,1,0,1,3,12,2.333,33.325
KJLEKBY3RUK4SXPH,1,7,1,0,0,0,8,1.125,3.125
KJLEKHECGZKZEYAA,1,0,1,0,0,0,1,2.0,25.0
MCRD96JBZGEUGGEU,1,2,0,0,3,1,6,3.167,54.175
MCRD9N8QZQCHBTJT,1,2,1,8,5,13,29,3.897,72.425
MCRDTQ8MHZV4EJ9Z,1,0,0,0,0,1,1,5.0,100.0
MCRDW3YZWF7MGVUA,1,1,0,0,0,0,1,1.0,0.0
MCRE2PJ7JGWYFXGW,1,1,1,2,2,2,8,3.375,59.375
MCRE4HB7JFHYEFYX,1,1,0,2,0,1,4,3.0,50.0
MCRE6WB2BA93XJWC,1,4,0,1,2,3,10,3.0,50.0
MCREAF2ZTZFHZMZ6,1,1,0,1,1,0,3,2.667,41.675
MCREAFZKXXRGSXSZ,1,2,0,0,0,2,4,3.0,50.0
MCREBJHYMC9CSY7C,1,1,0,0,0,0,1,1.0,0.0
MCRECU3BWMFGWZVH,1,2,0,0,1,0,3,2.0,25.0
MCREDNU5M8HYRK9Y,1,1,1,0,1,0,3,2.333,33.325
MCREE5SZCAACVXJE,1,1,0,0,0,1,2,3.0,50.0
MCREEAMAAU8PG6EE,1,4,1,0,2,0,7,2.0,25.0
MCREEB7Y5KSKP8TV,1,0,0,0,1,0,1,4.0,75.0
MCREF7MGG7PBTN9S,1,1,0,0,0,0,1,1.0,0.0
MCREF7MGWQM6TFEV,1,0,0,1,2,0,3,3.667,66.675
MCREHDS8SV7ESGVN,1,0,1,1,0,0,2,2.5,37.5
MCREHJ9QE2AHGGDP,1,1,0,0,0,0,1,1.0,0.0
MCREJPU62YFDYEH6,1,2,0,3,1,2,8,3.125,53.125
B006LXDV1A,1,0,1,1,2,3,7,4.0,75.0
B0078207LU,1,1,1,0,0,0,2,1.5,12.5
B007AS4X2G,1,0,0,0,1,1,2,4.5,87.5
B00853EXUM,1,1,0,0,0,0,1,1.0,0.0
B008X75CYQ,1,0,0,0,0,1,1,5.0,100.0
B00EI4CDMM,1,0,0,0,0,1,1,5.0,100.0
B00FJWRHCI,1,2,0,0,0,1,3,2.333,33.325
B00GTB5VO4,1,1,0,0,0,0,1,1.0,0.0
B00GTB5Y1Y,1,1,0,0,0,0,1,1.0,0.0
B00HWR1PQC,1,0,0,0,0,3,3,5.0,100.0
B00JEK106A,1,4,0,1,0,3,8,2.75,43.75
B00JOET2TS,1,2,2,1,0,2,7,2.714,42.85
B00PQO61IU,1,0,0,1,0,1,2,4.0,75.0
B00VE1HM0A,1,2,0,1,0,0,3,1.667,16.675
B00XYEL17A,1,2,0,1,0,1,4,2.5,37.5
B00XYGA8HC,1,1,1,0,0,0,2,1.5,12.5
B013EPHC76,1,1,1,1,1,2,6,3.333,58.325
B016UT0C9I,1,4,0,0,0,0,4,1.0,0.0
B016UT0JVE,1,4,0,0,0,1,5,1.8,20.0
B01CE5J17G,1,1,0,0,1,2,4,3.75,68.75
B01DNTKXN8,1,1,0,0,0,0,1,1.0,0.0
B01F25HCFS,1,2,0,0,0,0,2,1.0,0.0
B01FE59U3I,1,0,0,2,0,3,5,4.2,80.0
B01FE5W8PA,1,0,1,1,0,0,2,2.5,37.5
B01G3T5LT6,1,0,0,0,0,1,1,5.0,100.0
B01GEBDOUQ,1,1,0,0,0,0,1,1.0,0.0
B01H70SMVE,1,1,1,0,0,0,2,1.5,12.5
B01I2VCU6U,1,1,0,0,0,0,1,1.0,0.0
B01KCCIJ58,1,1,1,0,0,0,2,1.5,12.5
B01LLRP4WE,1,1,0,1,0,2,4,3.5,62.5
B01LZ9EVT6,1,1,1,0,0,0,2,1.5,12.5
B01M7MO1U0,1,4,0,1,1,2,8,2.625,40.625
244937108,1,0,0,0,0,1,1,5.0,100.0
2145187845,1,0,0,0,0,2,2,5.0,100.0
42337616,1,1,0,0,1,0,2,2.5,37.5
751295160,1,2,0,0,1,0,3,2.0,25.0
345034712,1,0,0,1,0,0,1,3.0,50.0
261806250,1,0,0,0,0,2,2,5.0,100.0
787274304,1,0,0,2,0,1,3,3.667,66.675
621442142386,1,0,0,0,0,1,1,5.0,100.0
654120711650,1,0,0,1,0,1,2,4.0,75.0
632911877053,1,0,0,0,1,5,6,4.833,95.825
682563445141,1,0,0,0,0,1,1,5.0,100.0
686031391,1,0,0,0,0,2,2,5.0,100.0
30888,1,0,0,0,1,2,3,4.667,91.675
682767416485,1,0,0,0,0,1,1,5.0,100.0
659771776773,1,0,0,1,0,5,6,4.667,91.675
620580915612,1,0,0,0,0,1,1,5.0,100.0
719766881,1,0,0,0,1,2,3,4.667,91.675
1476361998,1,0,0,0,2,2,4,4.5,87.5
1719666636,1,0,0,0,1,1,2,4.5,87.5
1035015968,1,0,0,1,1,1,3,4.0,75.0
654486689046,1,0,0,0,0,1,1,5.0,100.0
1188487725,1,1,0,0,0,1,2,3.0,50.0
661824764619,1,0,0,0,0,1,1,5.0,100.0
1454742269,1,0,0,0,0,1,1,5.0,100.0
683679674988,1,1,1,0,1,5,8,4.0,75.0
648082547937,1,2,1,1,0,1,5,2.4,35.0
680558314758,1,1,0,0,0,0,1,1.0,0.0
1259278,1,0,1,0,0,0,1,2.0,25.0
1351089,1,1,0,0,0,0,1,1.0,0.0
678969534305,1,0,1,0,1,0,2,3.0,50.0
665890179973,1,0,0,1,1,0,2,3.5,62.5
670948243354,1,1,0,0,0,0,1,1.0,0.0
1894772070,1,1,0,0,1,1,3,3.333,58.325
621374252212,1,0,0,1,0,0,1,3.0,50.0
642336487902,1,0,0,0,0,2,2,5.0,100.0
ELRD96GNB4ZZGJG9,1,1,0,0,1,0,2,2.5,37.5
ELRE292Z95KS7EPQ,1,0,0,0,0,1,1,5.0,100.0
ELRE292ZQFCVDVG5,1,1,0,0,0,0,1,1.0,0.0
ELRE3RJZQAAUTAGH,1,1,0,0,0,0,1,1.0,0.0
ELRE3SGPHPWEH57N,1,1,0,0,0,0,1,1.0,0.0
ELRE4MNQTRQVFNEK,1,0,0,0,0,1,1,5.0,100.0
ELRE5GGTKJTCGRCG,1,0,0,1,0,6,7,4.714,92.85
ELRE5VBPJHZUNQYY,1,0,1,0,0,0,1,2.0,25.0
ELRE6Y3HMJ8BYD7Z,1,1,0,0,0,0,1,1.0,0.0
ELRE6YPWB7WHANG6,1,2,0,0,0,0,2,1.0,0.0
ELREAN43MHRVWGH5,1,0,0,0,1,1,2,4.5,87.5
ELREB7C52UHYKUWM,1,1,0,0,1,0,2,2.5,37.5
ELREBHYYTMQBRBWF,1,2,1,0,1,1,5,2.6,40.0
ELRECEJ8M7AGSGGZ,1,2,0,0,0,0,2,1.0,0.0
ELRED4YZGZRRJGQ3,1,1,0,0,0,0,1,1.0,0.0
ELREDWZ63PTUVERP,1,0,1,0,0,0,1,2.0,25.0
ELREF7MGMKYWSRWY,1,1,0,1,0,1,3,3.0,50.0
ELREFHYSPCXTTNTA,1,1,0,0,1,1,3,3.333,58.325
ELREFUY4T84HH3HM,1,1,0,0,0,2,3,3.667,66.675
ELREFWW9QKYJZXU9,1,0,1,0,0,1,2,3.5,62.5
ELREG2QYNFGKXTFR,1,0,1,0,0,1,2,3.5,62.5
ELREGDV8ZZTBBK9R,1,0,0,0,0,1,1,5.0,100.0
ELREGNRVFVFHVFTM,1,1,0,0,0,3,4,4.0,75.0
ELREGZTXCRGGQDWH,1,0,0,2,4,7,13,4.385,84.625
ELREJH3THGFB57KW,1,0,0,0,2,0,2,4.0,75.0
ELREJUH5RMGZVVHC,1,1,0,1,0,0,2,2.0,25.0
ELREJWCXQXUZ3GN7,1,1,0,0,3,2,6,3.833,70.825
ELREKYPACHHZBHAT,1,1,0,0,1,0,2,2.5,37.5
ESDDQSZWDYTM6CGR,1,0,0,1,1,1,3,4.0,75.0
ESDE4VPSZAFT5H7Q,1,1,0,0,1,2,4,3.75,68.75
ESDE5MFDWYWFGJDJ,1,2,0,0,0,0,2,1.0,0.0
ESDE6P4HJMW7GUXH,1,0,0,0,2,0,2,4.0,75.0
ESDE6VTR97SSTYZP,1,0,0,1,1,1,3,4.0,75.0
ESDE73V3UKSHBTGP,1,1,0,0,0,1,2,3.0,50.0
ESDE7GMRBUEZCKHR,1,0,0,1,4,2,7,4.143,78.575
ESDE8ZGPQ5C6GBAM,1,0,0,0,0,1,1,5.0,100.0
ESDEAEZEQVVBDJYJ,1,0,0,1,1,2,4,4.25,81.25
ESDEB3FF7YQYY565,1,1,0,0,0,0,1,1.0,0.0
ESDEBTFVHTFFTYZX,1,0,0,1,1,1,3,4.0,75.0
ESDEBYDNYTRZFUZM,1,1,0,1,5,5,12,4.083,77.075
ESDECFJG6MTPK8YF,1,1,0,0,0,0,1,1.0,0.0
ESDEE3KKMKF2WHG7,1,1,0,0,0,0,1,1.0,0.0
ESDEE3KKZGBAUSSC,1,1,0,0,0,0,1,1.0,0.0
ESDEEGBGGHXRWFK2,1,1,0,0,0,0,1,1.0,0.0
ESDEEKSYQZ5TFEFF,1,1,0,0,0,1,2,3.0,50.0
ESDEF3FJPMRVGQ5B,1,0,0,0,0,1,1,5.0,100.0
ESDEFPYPANBRJDPY,1,0,1,0,0,2,3,4.0,75.0
ESDEFPYPQHTYYKVR,1,1,0,0,0,1,2,3.0,50.0
ESDEGCWWBGDEHMUY,1,0,0,0,2,0,2,4.0,75.0
ESDEGGQ4TTHSSPV2,1,1,2,0,1,1,5,2.8,45.0
ESDEJRYPZSHK8JTE,1,0,0,1,0,0,1,3.0,50.0
ESDEYFCYAWRWZ2FT,1,0,0,1,0,1,2,4.0,75.0
KJLDRG34VYUGHMNC,1,0,0,0,1,5,6,4.833,95.825
KJLE2PJ7AHJTHBFS,1,1,0,0,0,0,1,1.0,0.0
KJLE7UGX4QD8XXGX,1,1,0,0,0,0,1,1.0,0.0
KJLE8GCDJNND5W98,1,0,0,2,1,2,5,4.0,75.0
KJLE9Q6UG66NHMFV,1,2,0,0,0,0,2,1.0,0.0
KJLECFMTQJ6VUBZH,1,2,0,0,0,0,2,1.0,0.0
KJLECQBRHD7V2KT5,1,1,0,1,1,0,3,2.667,41.675
KJLECU9AGWS95UD2,1,1,0,0,1,2,4,3.75,68.75
KJLEFFHHFGBM5VNA,1,0,0,0,1,0,1,4.0,75.0
KJLEG8HEGEGJ3XHG,1,1,0,0,0,0,1,1.0,0.0
KJLEH7B8J5SBCWDB,1,4,0,0,1,0,5,1.6,15.0
KJLEHAWJEVZ7ZKH8,1,1,0,0,0,0,1,1.0,0.0
KJLEHV5K7TCZXRJR,1,0,0,0,0,2,2,5.0,100.0
KJLEJ27FQK3RZCNC,1,0,0,0,1,4,5,4.8,95.0
KJLEJBKPARDHU4DR,1,2,0,0,0,0,2,1.0,0.0
KJLEKHEVGYKAH8WG,1,1,0,0,0,0,1,1.0,0.0
MCRE57ZQMVXYJYNG,1,1,0,0,0,0,1,1.0,0.0
MCRE5QU2JUBQE2M5,1,2,0,0,0,0,2,1.0,0.0
MCRE6WB2FYPZZKDN,1,0,0,0,0,1,1,5.0,100.0
MCREA95QYZHCRJJE,1,0,0,0,1,0,1,4.0,75.0
MCREBHYYZKBA4UZP,1,3,0,0,0,1,4,2.0,25.0
MCREBPRGKPNNEFQ3,1,2,1,0,0,0,3,1.333,8.325
MCREBTGEGGCGF3MQ,1,0,1,0,0,0,1,2.0,25.0
MCREDKU4ANRHEY7Q,1,1,0,0,0,0,1,1.0,0.0
MCREDP7DYSR4CZYM,1,1,0,1,1,1,4,3.25,56.25
MCREF7MGYNYCB9HV,1,1,0,0,0,1,2,3.0,50.0
MCREH8G63YRRSHAF,1,0,0,0,0,1,1,5.0,100.0
MCREHAWA2GXVS5VF,1,4,0,0,0,0,4,1.0,0.0
B000ALDLJG,1,0,0,0,0,1,1,5.0,100.0
B001126YI8,1,1,0,0,0,0,1,1.0,0.0
B001KYRNAK,1,0,0,0,0,1,1,5.0,100.0
B002LFLVFK,1,0,0,0,1,0,1,4.0,75.0
B002Q67HRK,1,0,0,0,1,0,1,4.0,75.0
B006HCJXBM,1,1,0,0,0,0,1,1.0,0.0
B008VSJFQ8,1,0,0,0,0,1,1,5.0,100.0
B00AZQLPNU,1,0,0,0,0,1,1,5.0,100.0
B00FVRECJW,1,1,0,0,0,0,1,1.0,0.0
B00HU31MFC,1,0,1,1,0,0,2,2.5,37.5
B00I3MDXYW,1,1,0,0,0,0,1,1.0,0.0
B00INT6PJ0,1,0,0,1,0,0,1,3.0,50.0
B00J9HSXA4,1,0,0,0,0,1,1,5.0,100.0
B00JT97HSQ,1,2,0,0,0,0,2,1.0,0.0
B00K3ON5FK,1,3,0,0,0,1,4,2.0,25.0
B00MA2024A,1,1,0,0,1,0,2,2.5,37.5
B00OPYOJ1S,1,0,0,0,1,4,5,4.8,95.0
B00PFCTVDU,1,1,0,0,0,0,1,1.0,0.0
B00QWR73EQ,1,0,1,0,0,0,1,2.0,25.0
B00RNXI8HY,1,0,0,0,0,1,1,5.0,100.0
B00TBIULRE,1,1,0,0,0,0,1,1.0,0.0
B00UOTU10G,1,0,0,0,1,1,2,4.5,87.5
B00XEMC59A,1,0,0,0,0,1,1,5.0,100.0
B00XYELCEC,1,0,0,0,1,1,2,4.5,87.5
B00Y53ND34,1,0,0,0,0,1,1,5.0,100.0
B010FQJPTA,1,2,0,0,2,1,5,3.0,50.0
B015RTPYLI,1,2,0,0,0,0,2,1.0,0.0
B015ZV3K8C,1,0,1,1,2,0,4,3.25,56.25
B019H8C846,1,1,0,0,0,0,1,1.0,0.0
B01A6UZNQO,1,0,0,0,0,2,2,5.0,100.0
B01CE47OXU,1,1,0,0,0,0,1,1.0,0.0
B01GEBDNW0,1,1,0,1,0,0,2,2.0,25.0
B01HRFLHZC,1,5,0,0,0,1,6,1.667,16.675
B01IK3KG34,1,1,0,0,0,0,1,1.0,0.0
B01JZI3UQ8,1,0,0,0,0,2,2,5.0,100.0
B01LXR1HSR,1,0,0,0,1,0,1,4.0,75.0
B01M12VF0N,1,3,0,0,0,0,3,1.0,0.0
783911087,1,0,0,1,0,0,1,3.0,50.0
672650954419,1,0,0,0,1,0,1,4.0,75.0
818032583,1,0,0,0,0,1,1,5.0,100.0
651575744083,1,0,0,0,2,0,2,4.0,75.0
629699678460,1,0,0,0,0,2,2,5.0,100.0
312145360,1,0,0,0,0,1,1,5.0,100.0
158181,1,0,0,0,0,1,1,5.0,100.0
580714937,1,0,0,0,0,2,2,5.0,100.0
514411379,1,0,0,0,2,2,4,4.5,87.5
614923928,1,0,0,0,0,1,1,5.0,100.0
638074749084,1,0,0,1,0,0,1,3.0,50.0
1737744752,1,0,0,0,0,1,1,5.0,100.0
666395036562,1,0,0,0,0,2,2,5.0,100.0
670228308245,1,0,0,0,0,1,1,5.0,100.0
618477644944,1,0,0,0,1,0,1,4.0,75.0
623155985477,1,0,0,0,0,1,1,5.0,100.0
620569612644,1,0,0,0,0,1,1,5.0,100.0
662715393969,1,0,0,0,0,1,1,5.0,100.0
1257540,1,0,0,0,0,1,1,5.0,100.0
1436999367,1,0,0,0,0,1,1,5.0,100.0
1643293665,1,0,0,0,0,2,2,5.0,100.0
686459752508,1,0,0,0,1,0,1,4.0,75.0
680605853077,1,0,0,0,0,1,1,5.0,100.0
26051238,1,0,0,0,1,1,2,4.5,87.5
62678255,1,0,0,0,1,0,1,4.0,75.0
515181405,1,0,0,0,0,2,2,5.0,100.0
1838559052,1,0,0,0,2,3,5,4.6,90.0
1351145,1,1,0,0,0,0,1,1.0,0.0
646724991618,1,0,0,0,0,2,2,5.0,100.0
77166,1,0,0,0,1,5,6,4.833,95.825
2057908203,1,0,0,0,0,4,4,5.0,100.0
1454956192,1,0,0,0,0,1,1,5.0,100.0
511898908,1,0,0,0,3,2,5,4.4,85.0
1808572615,1,0,0,1,1,1,3,4.0,75.0
519160236,1,0,0,1,0,2,3,4.333,83.325
640366761447,1,0,0,0,0,1,1,5.0,100.0
633325496369,1,0,0,0,1,1,2,4.5,87.5
629952649,1,0,0,0,0,1,1,5.0,100.0
632312509402,1,0,0,0,0,2,2,5.0,100.0
ELRE8GGRHWXGHTVH,1,1,0,0,0,0,1,1.0,0.0
ELREHSQ8HPZKYQZD,1,1,1,0,0,0,2,1.5,12.5
ESDEB8FYZWGWB7VT,1,0,1,0,0,0,1,2.0,25.0
B00FVRDWGQ,1,1,0,0,0,0,1,1.0,0.0
ELRE292ZGHPCDVQX,1,1,0,0,0,0,1,1.0,0.0
ELRE8QJDDH9TDE22,1,1,0,0,0,0,1,1.0,0.0
ELREF7FPCBGYSJQZ,1,1,0,0,0,0,1,1.0,0.0
ESDE2K3YTFQHSHME,1,1,0,0,0,0,1,1.0,0.0
ESDE3JNYNRYHWZFJ,1,0,0,0,1,0,1,4.0,75.0
ESDEB63YAVGPR5UT,1,1,0,0,0,0,1,1.0,0.0
ESDEFXZZEHGG8RER,1,1,0,0,0,0,1,1.0,0.0
ESDEGAGZPM7CJYJK,1,2,0,0,0,0,2,1.0,0.0
ESDEGG42VTP9G9HN,1,0,0,0,1,1,2,4.5,87.5
ESDEHGQM3H8UGSCG,1,1,0,0,0,0,1,1.0,0.0
KJLEF7FZCQQHQK8W,1,1,0,0,0,0,1,1.0,0.0
MCRE292ZFKRMYHFF,1,1,0,0,0,0,1,1.0,0.0
MCRE8KUYQPEJQ5H6,1,1,0,0,0,0,1,1.0,0.0
MCREJGH9XTATXMUS,1,1,0,0,0,0,1,1.0,0.0
B001IZYQQU,1,1,0,0,0,0,1,1.0,0.0
B00K896D8Q,1,1,0,0,0,0,1,1.0,0.0
B013GF71YS,1,1,0,0,0,0,1,1.0,0.0
317761887,1,1,0,0,0,0,1,1.0,0.0
193712481,1,0,0,0,0,1,1,5.0,100.0
637935015264,1,0,0,0,0,1,1,5.0,100.0
2078261243,1,0,0,0,1,0,1,4.0,75.0
ESDE6VTRXGFWVHGD,1,0,0,0,1,1,2,4.5,87.5
KJLEKNCNVWGUYA3H,1,0,0,0,1,0,1,4.0,75.0
B005N009EE,1,0,0,0,0,1,1,5.0,100.0
B009WI356C,1,0,0,0,0,1,1,5.0,100.0
B011CFK1EG,1,0,0,1,0,0,1,3.0,50.0
B01C42HYAK,1,0,0,0,0,2,2,5.0,100.0
B01HK455J4,1,0,0,1,0,0,1,3.0,50.0
B01LYZL1GJ,1,0,0,0,0,1,1,5.0,100.0
648197907151,1,0,0,0,0,1,1,5.0,100.0
647921283564,1,0,0,0,0,1,1,5.0,100.0
ELRE22FQRXGXVQ63,1,1,0,0,0,0,1,1.0,0.0
ELREA5AUYACZRQPZ,1,0,1,0,0,0,1,2.0,25.0
ELREHE5GZRPGM5ZF,1,1,0,0,0,0,1,1.0,0.0
ESDE5MFDZRZ65SP4,1,1,0,0,0,0,1,1.0,0.0
ESDEE3KKZDZTJUKF,1,1,0,0,0,0,1,1.0,0.0
ESDEGAGZZ9NMH3FA,1,1,0,0,0,0,1,1.0,0.0
MCREF3FHPR8GVHRR,1,1,0,0,0,0,1,1.0,0.0
B0032VJUX2,1,0,0,1,0,0,1,3.0,50.0
B004BCXEF6,1,1,0,0,0,0,1,1.0,0.0
B0065DLADM,1,0,0,0,0,1,1,5.0,100.0
B00KCKEP4K,1,0,0,1,0,0,1,3.0,50.0
B00L2T48CE,1,1,0,0,0,0,1,1.0,0.0
B00XKTZ08A,1,1,0,0,0,0,1,1.0,0.0
B01GEBBUXE,1,1,1,0,0,0,2,1.5,12.5
B01HGQX0LG,1,2,0,0,0,0,2,1.0,0.0
618558958661,1,0,0,1,0,0,1,3.0,50.0
658432662011,1,0,0,0,0,1,1,5.0,100.0
646662676713,1,0,0,0,1,0,1,4.0,75.0
665972133588,1,0,0,0,0,1,1,5.0,100.0
ELRDKVD5HXGGEBYG,1,0,0,1,0,0,1,3.0,50.0
ELREAZU5CHCVQYGV,1,1,0,0,0,0,1,1.0,0.0
ELREMDGUNU4CPB7W,1,0,0,0,0,1,1,5.0,100.0
ESDDQKWYM8HEZAGU,1,0,0,0,0,1,1,5.0,100.0
ESDE73V2U82YYGY4,1,0,0,0,1,0,1,4.0,75.0
ESDE73V2YMHMFD9K,1,1,0,0,0,0,1,1.0,0.0
ESDEBSFYDBGTJC3D,1,1,0,0,0,0,1,1.0,0.0
KJLEKHE3FTKJ8GVK,1,0,0,0,1,0,1,4.0,75.0
KJLEKHE3VEM35RP5,1,0,0,1,0,0,1,3.0,50.0
B0050NVBLO,1,0,1,0,0,0,1,2.0,25.0
B008XNJXXQ,1,0,0,0,0,1,1,5.0,100.0
B00MDD87J8,1,1,0,0,0,0,1,1.0,0.0
B00OUY488C,1,0,0,0,0,1,1,5.0,100.0
B01G3UKRJO,1,1,0,0,0,0,1,1.0,0.0
832780130,1,0,0,0,0,1,1,5.0,100.0
76904150,1,0,0,0,0,1,1,5.0,100.0
679064785541,1,0,0,0,0,1,1,5.0,100.0
681840380907,1,0,0,0,1,0,1,4.0,75.0
833654001,1,0,0,1,0,0,1,3.0,50.0
651847823596,1,0,0,0,1,0,1,4.0,75.0
