source_product_id,source,1star_count,2star_count,3star_count,4star_count,5star_count,total_count,average_5star,average_pct
HRCD9YWP3DZDDWRH,1,10,0,5,11,12,38,3.395,59.875
HRCD9YWPGDMUJVYG,1,3,0,0,4,12,19,4.158,78.95
HRCD9YWPH34SW7ZZ,1,1,0,0,2,0,3,3.0,50.0
HRCD9ZYB2VATGXDX,1,16,7,8,17,36,84,3.595,64.875
HRCDA3Z9G35ESHPJ,1,2,0,0,5,4,11,3.818,70.45
HRCDAJ3C6QGZSNZX,1,25,1,7,9,34,76,3.342,58.55
HRCDFRUJSNHZFZFA,1,16,4,9,12,31,72,3.528,63.2
HRCDFSFGNTHYQ8ER,1,0,0,0,4,17,21,4.81,95.25
HRCDKWFXJZBFFRYY,1,4,2,1,0,2,9,2.333,33.325
HRCDY8ZGUKDYFWA9,1,2,1,0,1,1,5,2.6,40.0
HRCE2GT25MCEZGX2,1,7,2,3,7,11,30,3.433,60.825
HRCE2QUC78N95BEG,1,2,0,1,1,3,7,3.429,60.725
HRCE6EHXHQXJZY9B,1,1,1,0,3,10,15,4.333,83.325
HRCE8355FMKNYS3F,1,1,0,0,0,3,4,4.0,75.0
HRCE8FRGSUFC8HZV,1,0,0,0,1,0,1,4.0,75.0
HRCE8QNHBVZUXWPH,1,2,0,0,2,4,8,3.75,68.75
HRCE9ZNJ7Q9YKFSY,1,3,1,0,0,1,5,2.0,25.0
HRCEB74K4P3YJWQG,1,1,0,0,2,3,6,4.0,75.0
HRCEBHFJAZSFFFWK,1,0,0,0,1,0,1,4.0,75.0
HRCEBSH2P5D69WH9,1,1,0,0,0,1,2,3.0,50.0
HRCEBSH2UHGWVGAW,1,3,0,0,0,3,6,3.0,50.0
HRCEE82KVE2P7NFZ,1,1,0,0,0,5,6,4.333,83.325
HRCEGTGAQ9AFSFTH,1,0,1,0,1,3,5,4.2,80.0
HRCEHAGH4EWF45BV,1,2,0,0,1,3,6,3.5,62.5
HRCEHB83HUYEESQR,1,3,0,0,3,5,11,3.636,65.9
HRCEHD2HYJ5NMGUP,1,0,0,0,0,1,1,5.0,100.0
HRCEHJZZG7HCRHVH,1,1,0,0,0,0,1,1.0,0.0
HRCEHRXRXPYSJVZM,1,2,0,0,0,0,2,1.0,0.0
HRCENAUSGYYKV2EV,1,0,0,0,1,1,2,4.5,87.5
HRCEPPNTCBGTSYFN,1,1,0,0,0,0,1,1.0,0.0
HRCEPPPWWDY4J2TR,1,1,0,0,2,5,8,4.25,81.25
HRCEUGHCZ2HHPBBK,1,1,0,1,0,0,2,2.0,25.0
HRCEVPZKUQMWTGJ5,1,6,2,0,2,3,13,2.538,38.45
HRCEWEPCEY9XCRGG,1,1,0,0,0,2,3,3.667,66.675
HRCEZGPZGFRUEPGY,1,1,0,0,7,22,30,4.633,90.825
HRCEZV8ABGTE6HTX,1,14,1,4,6,15,40,3.175,54.375
B006QHB8HA,1,44,9,10,32,80,175,3.543,63.575
B006QHB9GK,1,88,23,45,119,242,517,3.781,69.525
B00AE25B76,1,3,5,3,7,17,35,3.857,71.425
B00DQO8ES2,1,34,4,6,11,22,77,2.779,44.475
B00DQO9C2Y,1,3,1,5,8,26,43,4.233,80.825
B00DQO9LC0,1,7,4,4,27,48,90,4.167,79.175
B00O2Y1YFK,1,8,5,12,10,7,42,3.071,51.775
B00O2Y23CS,1,1,2,2,0,0,5,2.2,30.0
B00RV34G8Q,1,3,0,2,9,18,32,4.219,80.475
B00RV34JB0,1,11,4,6,10,27,58,3.655,66.375
B00TTNUTPK,1,11,6,5,9,25,56,3.554,63.85
B00TVAF3FC,1,8,1,3,6,18,36,3.694,67.35
B016RZ3TCC,1,2,1,1,1,2,7,3.0,50.0
B017RBFW3E,1,8,2,8,12,20,50,3.68,67.0
B019W17T0Q,1,33,7,8,8,19,75,2.64,41.0
B019W17T42,1,6,0,0,1,0,7,1.429,10.725
B01AG9H95I,1,8,4,0,2,1,15,1.933,23.325
B01J1N9HZ0,1,78,16,35,57,97,283,3.279,56.975
B01LYTHT5F,1,2,0,0,3,2,7,3.429,60.725
B06X9VPW2M,1,3,0,1,1,5,10,3.5,62.5
125422,1,0,0,1,12,9,22,4.364,84.1
60991,1,0,0,2,4,10,16,4.5,87.5
160488,1,1,1,5,19,21,47,4.234,80.85
8085,1,3,2,11,71,152,239,4.536,88.4
3056,1,2,0,5,35,84,126,4.579,89.475
36176,1,0,0,1,11,11,23,4.435,85.875
60352,1,17,4,13,69,115,218,4.197,79.925
65239,1,0,1,2,9,35,47,4.66,91.5
15853,1,4,4,8,23,23,62,3.919,72.975
855,1,0,1,5,11,21,38,4.368,84.2
110463,1,0,0,0,0,5,5,5.0,100.0
28374,1,1,0,0,4,9,14,4.429,85.725
28393,1,0,0,0,1,8,9,4.889,97.225
532,1,1,0,0,8,4,13,4.077,76.925
110496,1,0,0,0,0,1,1,5.0,100.0
167705,1,0,0,0,1,2,3,4.667,91.675
76390,1,0,0,0,1,3,4,4.75,93.75
23218,1,0,0,1,1,4,6,4.5,87.5
22786,1,0,0,0,2,4,6,4.667,91.675
14736,1,0,0,1,4,5,10,4.4,85.0
9725,1,0,0,0,2,2,4,4.5,87.5
30736,1,0,0,1,1,2,4,4.25,81.25
23220,1,0,0,0,1,4,5,4.8,95.0
41691,1,0,0,0,1,1,2,4.5,87.5
30740,1,0,0,0,0,1,1,5.0,100.0
22029,1,1,0,0,7,8,16,4.313,82.825
72196,1,0,0,0,0,1,1,5.0,100.0
110465,1,0,0,0,1,1,2,4.5,87.5
30738,1,0,0,1,2,0,3,3.667,66.675
141227,1,0,0,0,1,0,1,4.0,75.0
26649,1,0,0,0,6,17,23,4.739,93.475
24323,1,0,0,0,2,1,3,4.333,83.325
22761,1,0,0,0,1,4,5,4.8,95.0
215769,1,0,0,0,1,1,2,4.5,87.5
218464,1,0,0,0,0,1,1,5.0,100.0
218463,1,0,0,0,1,1,2,4.5,87.5
48080,1,0,0,2,1,3,6,4.167,79.175
39955,1,0,0,0,3,10,13,4.769,94.225
20753,1,1,0,1,8,8,18,4.222,80.55
3753,1,0,0,0,1,2,3,4.667,91.675
17518,1,0,0,0,0,1,1,5.0,100.0
26865,1,0,0,0,2,1,3,4.333,83.325
HRCDFPVCP5DZFDJY,1,0,0,0,0,4,4,5.0,100.0
HRCDY8ZGF3JRABZT,1,0,0,0,1,0,1,4.0,75.0
HRCDY8ZGKXCNZD8Z,1,1,0,0,0,0,1,1.0,0.0
HRCDY8ZGQMBE7MNN,1,1,0,1,2,5,9,4.111,77.775
HRCE8355NXNY4VGZ,1,0,0,0,1,1,2,4.5,87.5
HRCE8JZKCKQCZZH4,1,0,1,0,0,1,2,3.5,62.5
HRCE8YYDAYMQRFHQ,1,0,0,0,0,1,1,5.0,100.0
HRCEB97SQJKUQARZ,1,0,0,0,0,2,2,5.0,100.0
HRCEDUQEVXEPKEGZ,1,1,0,1,0,0,2,2.0,25.0
HRCEGHTR5DGHHTQF,1,2,0,0,0,1,3,2.333,33.325
HRCEGVR9HBWKYFPD,1,1,0,0,0,0,1,1.0,0.0
HRCEHD2HDCCWDYE5,1,0,0,0,0,1,1,5.0,100.0
HRCEJH9ZWYTFJWKN,1,0,0,0,0,1,1,5.0,100.0
HRCENAUSZSUVKESU,1,0,0,0,0,2,2,5.0,100.0
HRCENBACGF4HYDS6,1,0,0,0,1,1,2,4.5,87.5
HRCENSQ5TCGHG7G7,1,0,0,0,0,1,1,5.0,100.0
HRCEPKFJRDHFUFYY,1,0,0,0,0,1,1,5.0,100.0
HRCEPNZFDFZ9HYGT,1,0,0,0,0,1,1,5.0,100.0
HRCERPV3RPYX9KEH,1,1,0,0,0,0,1,1.0,0.0
HRCEV2H5NHXTGPX2,1,0,1,0,0,2,3,4.0,75.0
HRCEWEPCSYHQDYGX,1,1,0,0,0,0,1,1.0,0.0
HRCEWFY6GPHJPT75,1,1,0,1,0,1,3,3.0,50.0
HRCEX2CDGGHV5TXD,1,0,0,0,0,2,2,5.0,100.0
HRCEZDFTGEHEYWKE,1,0,0,0,1,0,1,4.0,75.0
HRCEZVB4FUSSDXGG,1,0,0,0,0,3,3,5.0,100.0
76397,1,0,0,0,0,2,2,5.0,100.0
221315,1,0,0,0,0,2,2,5.0,100.0
110495,1,0,0,0,0,1,1,5.0,100.0
60557,1,0,0,0,4,8,12,4.667,91.675
7636,1,0,0,0,0,2,2,5.0,100.0
110459,1,0,0,0,0,3,3,5.0,100.0
28320,1,0,0,0,0,6,6,5.0,100.0
208164,1,0,0,0,0,1,1,5.0,100.0
6293,1,0,0,0,0,1,1,5.0,100.0
158820,1,0,0,1,1,2,4,4.25,81.25
30737,1,0,0,0,0,2,2,5.0,100.0
23793,1,0,0,0,0,1,1,5.0,100.0
72193,1,0,0,0,0,3,3,5.0,100.0
208165,1,0,0,0,0,1,1,5.0,100.0
23374,1,0,0,0,0,1,1,5.0,100.0
26650,1,0,0,0,1,5,6,4.833,95.825
141226,1,0,0,0,0,1,1,5.0,100.0
161318,1,0,0,0,0,1,1,5.0,100.0
192151,1,0,0,0,0,1,1,5.0,100.0
141229,1,0,0,0,1,0,1,4.0,75.0
23795,1,0,0,0,0,1,1,5.0,100.0
23378,1,0,0,0,0,1,1,5.0,100.0
22762,1,0,0,0,1,8,9,4.889,97.225
22763,1,0,0,0,4,4,8,4.5,87.5
208169,1,0,0,0,0,1,1,5.0,100.0
167704,1,0,1,0,1,1,3,3.667,66.675
200446,1,0,0,0,0,1,1,5.0,100.0
48111,1,0,0,0,0,1,1,5.0,100.0
192148,1,0,0,0,0,1,1,5.0,100.0
30907,1,0,0,0,1,2,3,4.667,91.675
23082,1,0,0,0,2,0,2,4.0,75.0
128139,1,0,0,1,1,0,2,3.5,62.5
91538,1,0,0,0,0,1,1,5.0,100.0
3756,1,0,0,0,0,1,1,5.0,100.0
531,1,0,0,1,1,2,4,4.25,81.25
85097,1,0,0,0,0,1,1,5.0,100.0
HRCEGVRAUQZXESYU,1,0,0,0,0,1,1,5.0,100.0
23078,1,0,0,0,0,1,1,5.0,100.0
91539,1,0,0,0,0,1,1,5.0,100.0
