source_product_id,source,1star_count,2star_count,3star_count,4star_count,5star_count,total_count,average_5star,average_pct
ATADFRRKFCWVRQSF,1,2,1,0,0,2,5,2.8,45.0
ATADV47WKVHVMYYZ,1,3,1,0,2,5,11,3.455,61.375
ATAE7M3MHZAZYSAV,1,1,3,4,2,9,19,3.789,69.725
ATAE7MGC4JUEWPFG,1,0,3,4,3,18,28,4.286,82.15
ATAE7NAGMHDWC6P7,1,3,0,2,14,20,39,4.231,80.775
ATAE7RQYASUX5QSM,1,0,2,0,1,4,7,4.0,75.0
ATAE7UYGGCPGEKY6,1,0,0,2,1,1,4,3.75,68.75
ATAEAH7BPDGG72NV,1,0,1,0,1,4,6,4.333,83.325
ATAEAZEY5XCEMRTT,1,0,1,1,3,2,7,3.857,71.425
ATAECENG7BGSZD35,1,0,0,2,4,4,10,4.2,80.0
ATAEF7HJZ34DPNQE,1,1,0,0,1,1,3,3.333,58.325
ATAEH7WFAAZRQWAW,1,0,0,0,1,3,4,4.75,93.75
ATAEHMKFPZEGJGSY,1,0,0,0,0,1,1,5.0,100.0
ATAEP6JRE7WMQYPF,1,13,0,2,6,17,38,3.368,59.2
ATAESG6MGPFTFHCF,1,4,1,1,7,10,23,3.783,69.575
ATAESJWQRVXD2M6Y,1,4,0,0,2,5,11,3.364,59.1
ATAEV5C8CMB7RAHF,1,5,2,2,9,13,31,3.742,68.55
ATAEWRVWYUTVXPEN,1,1,0,0,0,3,4,4.0,75.0
ATAEY2XU9XY8FZEC,1,1,0,0,2,1,4,3.5,62.5
ATAEY2XWJJHPJJGK,1,0,0,0,1,1,2,4.5,87.5
ATAEYFBDVKSRQSCS,1,1,0,0,1,7,9,4.444,86.1
ATAEYFBF4Z3PBQFC,1,1,1,1,2,7,12,4.083,77.075
ATAEZBYMVM68HPXD,1,0,0,0,0,2,2,5.0,100.0
FCPD932SF8ZDZTZ3,1,1,0,1,8,5,15,4.067,76.675
FCPD932SQQHSBRT4,1,0,0,0,3,2,5,4.4,85.0
FCPEJPP48T7GU69A,1,2,0,0,2,1,5,3.0,50.0
FCPEJPP4AZCG5DUY,1,3,0,2,3,7,15,3.733,68.325
FCPEJPP4EMNFRCCK,1,1,0,1,1,1,4,3.25,56.25
FCPEVPZ7AHRJ9A47,1,1,0,0,1,2,4,3.75,68.75
FCTD932Y9KBHSJVJ,1,4,1,1,2,2,10,2.7,42.5
FCTD932YJDHHFMEJ,1,3,2,3,10,13,31,3.903,72.575
FCTE3VVHRXM8UWWJ,1,4,5,2,8,13,32,3.656,66.4
FCTEHMKGPKHNKZ5G,1,0,0,0,0,4,4,5.0,100.0
FCWD9FZG7CYVDXGH,1,1,2,0,6,15,24,4.333,83.325
FCWD9FZGTURYBDZD,1,3,3,4,11,17,38,3.947,73.675
FCWDNFZ9RNTNP7A4,1,7,4,8,14,10,43,3.372,59.3
FCWE3VVH4VEF3DZD,1,0,0,0,0,2,2,5.0,100.0
FCWE3XY7KDWWY5ZW,1,0,1,1,1,1,4,3.5,62.5
FCWE3XY7RHAVFJGX,1,0,0,3,6,8,17,4.294,82.35
FCWE8TQDYQGH3HKZ,1,3,0,1,4,16,24,4.25,81.25
FCWED63358BRAWAZ,1,0,0,0,2,7,9,4.778,94.45
FCWED78RFQBMTBGD,1,0,0,0,0,2,2,5.0,100.0
FCWEJ2RGBHAGFAMF,1,4,0,4,7,17,32,4.031,75.775
FCWEMKY35BEJHQEF,1,7,3,6,7,18,41,3.634,65.85
FCWEMKY3GJW2ZBZT,1,12,7,12,13,28,72,3.528,63.2
FCWERCKGTXU9YHE9,1,0,0,0,0,1,1,5.0,100.0
FCWETZHQGZJWQYPT,1,0,0,0,0,1,1,5.0,100.0
FRND969RCF8T6MFU,1,9,4,10,17,28,68,3.75,68.75
FRNDS3N9HHXWR5XK,1,0,0,0,2,1,3,4.333,83.325
FRNE3KU6HGE6MCKK,1,0,0,1,3,3,7,4.286,82.15
FRNE3VVKR7BFZF6Y,1,10,4,8,11,23,56,3.589,64.725
FRNE3VVKUFMNJDFJ,1,1,1,0,2,2,6,3.5,62.5
MSCD93YT5Z9USGTJ,1,12,3,1,16,21,53,3.585,64.625
MSCD93YT69GV3UYR,1,5,0,4,4,10,23,3.609,65.225
MSCD93YTCCACNXF2,1,30,13,12,14,34,103,3.087,52.175
MSCD93YTCTKWYDSF,1,0,0,0,1,1,2,4.5,87.5
MSCD93YTEZHMFPKK,1,6,1,2,9,17,35,3.857,71.425
MSCD93YTFBDWSQYR,1,2,2,5,14,17,40,4.05,76.25
MSCD93YTGGYCZWZH,1,8,0,0,4,7,19,3.105,52.625
MSCD93YTM6HZS6SC,1,21,5,3,11,34,74,3.432,60.8
MSCD93YTQ9GQ37TC,1,0,2,0,4,11,17,4.412,85.3
MSCD93YTSD5GUZB9,1,2,3,1,14,9,29,3.862,71.55
MSCD93YTVAMWZ6SN,1,41,17,13,9,62,142,3.239,55.975
MSCD9MZFEZQBGHRF,1,3,0,0,1,1,5,2.4,35.0
MSCD9MZFZFJHEECG,1,0,0,0,1,1,2,4.5,87.5
MSCDGAZ3CUYYTUXJ,1,12,2,5,13,19,51,3.49,62.25
MSCDSPNXS3YU5HJZ,1,4,0,2,2,11,19,3.842,71.05
MSCDV47ZRQ35PKRZ,1,6,2,7,10,21,46,3.826,70.65
MSCE3QBTYGK5FTSZ,1,19,1,4,5,13,42,2.81,45.25
MSCEANHWZVZTRG9F,1,2,0,0,2,8,12,4.167,79.175
MSCEB97S9GH7FZ8G,1,1,0,0,0,0,1,1.0,0.0
MSCED7FUUZYYAEUP,1,3,1,2,7,12,25,3.96,74.0
MSCEE4VTZG6KJQKH,1,0,0,0,0,1,1,5.0,100.0
MSCEE4VVYJZWWZDV,1,1,1,0,0,5,7,4.0,75.0
MSCEGDV8FHD3SZH8,1,1,0,0,0,0,1,1.0,0.0
MSCEGFX8Z47M3TGF,1,0,0,0,0,1,1,5.0,100.0
MSCEHPSZY2XGUDNR,1,6,1,1,3,6,17,3.118,52.95
MSCEHZNZRFXXYHUH,1,0,0,1,0,3,4,4.5,87.5
MSCEJPT4N7AWPEGY,1,1,0,0,2,3,6,4.0,75.0
MSCEJZVXQCTFUYV4,1,2,0,0,0,1,3,2.333,33.325
MSCEK44FY8ZPHTPR,1,1,0,0,1,1,3,3.333,58.325
MSCEM2H7KW5APKP8,1,0,0,0,0,1,1,5.0,100.0
MSCEMBBSP3H9HPHG,1,0,0,1,1,4,6,4.5,87.5
MSCEMBBTMX8V6Z3Z,1,1,0,1,6,10,18,4.333,83.325
MSCEMBBTT6N2CGYH,1,1,2,8,14,16,41,4.024,75.6
MSCEMBC4TDSR4ZYU,1,1,0,1,2,6,10,4.2,80.0
MSCEQDGXSA9YHYYQ,1,0,0,0,1,1,2,4.5,87.5
MSCERPXNF9RBTPWK,1,1,0,0,0,4,5,4.2,80.0
MSCERQVBERKCWDZM,1,1,0,0,0,0,1,1.0,0.0
MSCES3BEBMKCUGVZ,1,2,0,0,0,1,3,2.333,33.325
MSCES3CB5YZF2KRY,1,4,0,1,2,9,16,3.75,68.75
MSCES9T9EFJJAHVE,1,1,0,0,0,2,3,3.667,66.675
MSCETGZR7DTFU7WZ,1,14,0,2,6,21,43,3.465,61.625
MSCEVQ7RH8K2WPJJ,1,0,0,0,1,0,1,4.0,75.0
MSCEYY66RFZY3RHP,1,2,0,0,0,3,5,3.4,60.0
MSCEZBD9NSCVSSDS,1,3,1,1,2,5,12,3.417,60.425
MSCEZSYCDYWRV62Q,1,0,0,1,3,2,6,4.167,79.175
MSCEZTM3FPBYSDJP,1,0,0,0,0,6,6,5.0,100.0
SCBED7FUTUNTBYJA,1,3,0,1,4,5,13,3.615,65.375
SCBEJHX6P4EAGTZZ,1,2,0,0,0,0,2,1.0,0.0
SCBEJQ6RWNNZS9HZ,1,2,0,0,4,3,9,3.667,66.675
SNRD92RVE2WZYPRG,1,8,2,7,13,24,54,3.796,69.9
SNRD92RVSYTQFU6M,1,4,1,2,3,11,21,3.762,69.05
SNRDKUGH7PHQGB9H,1,2,0,0,0,4,6,3.667,66.675
SNRE6KZHMFMFTKU9,1,0,0,0,1,2,3,4.667,91.675
SNREAYTTYPAPUZWB,1,2,0,3,5,12,22,4.136,78.4
SNREGN5DHUQGVNFS,1,3,0,0,0,1,4,2.0,25.0
SNREHMNTNVFMGWBK,1,2,2,0,5,13,22,4.136,78.4
SNREHMZBJDV52GCE,1,1,2,2,4,7,16,3.875,71.875
SNREKFKYNHSQYEDG,1,2,0,2,4,9,17,4.059,76.475
TNRD92QVJ7TKKHWV,1,2,0,1,9,24,36,4.472,86.8
TNRE6NYYEQXAPUSH,1,3,2,2,16,12,35,3.914,72.85
TNREQT6CMFZ4JV54,1,1,0,0,0,0,1,1.0,0.0
B00006JT6O,1,28,7,10,61,120,226,4.053,76.325
B0000E3QL7,1,3,0,1,1,3,8,3.125,53.125
B000WJDJE8,1,38,11,18,34,69,170,3.5,62.5
B0012J30LY,1,3,0,0,5,15,23,4.261,81.525
B002LA1BEQ,1,5,3,6,9,23,46,3.913,72.825
B002PBCAEQ,1,7,5,11,24,60,107,4.168,79.2
B002W4M2G2,1,2,4,10,25,35,76,4.145,78.625
B002W4ZRPK,1,4,0,5,10,19,38,4.053,76.325
B003TRV2V2,1,19,11,14,68,114,226,4.093,77.325
B004BH7CRW,1,0,0,0,2,4,6,4.667,91.675
B004C112DW,1,24,9,10,47,122,212,4.104,77.6
B004FZR1FI,1,10,8,4,7,22,51,3.451,61.275
B004IE7GN8,1,4,1,1,1,4,11,3.0,50.0
B004JOB5IE,1,15,2,7,9,10,43,2.93,48.25
B004L6HQOM,1,4,0,6,11,18,39,4.0,75.0
B004LES9X6,1,2,1,0,0,4,7,3.429,60.725
B004RF7SHC,1,7,5,2,4,12,30,3.3,57.5
B006LXAELU,1,3,2,3,4,11,23,3.783,69.575
B006LXDDNQ,1,10,8,8,39,82,147,4.19,79.75
B006LXDF20,1,6,4,5,10,22,47,3.809,70.225
B006QKBHQ4,1,20,6,23,62,109,220,4.064,76.6
B006QKBHZ0,1,3,2,3,18,36,62,4.323,83.075
B006QKBI9A,1,8,2,4,8,16,38,3.579,64.475
B006QKBIGS,1,7,5,19,55,134,220,4.382,84.55
B006QKBIPO,1,2,9,9,27,22,69,3.841,71.025
B006QKBJ3K,1,13,3,13,30,51,110,3.936,73.4
B006W82QYW,1,1,0,2,8,13,24,4.333,83.325
B006WWB4WI,1,1,2,2,5,9,19,4.0,75.0
B006ZOPRIU,1,4,1,1,4,12,22,3.864,71.6
B00791D9BA,1,5,0,10,10,18,43,3.837,70.925
B00791D9KG,1,2,1,4,11,15,33,4.091,77.275
B00791DYEW,1,1,4,1,9,27,42,4.357,83.925
B00791DYV0,1,5,1,0,9,14,29,3.897,72.425
B00791DZ8W,1,2,2,1,0,2,7,2.714,42.85
B00791E0PO,1,4,0,1,3,6,14,3.5,62.5
B00791F0G2,1,10,8,13,21,41,93,3.806,70.15
B00791F27E,1,115,21,47,172,478,833,4.053,76.325
B00791FF2Q,1,12,8,12,47,82,161,4.112,77.8
B00791FFD0,1,4,2,8,23,41,78,4.218,80.45
B00791FFMG,1,102,35,61,154,275,627,3.742,68.55
B00791FIO6,1,8,6,24,41,53,132,3.947,73.675
B0079YZHW6,1,5,3,3,9,30,50,4.12,78.0
B0079Z5PFO,1,1,0,0,4,1,6,3.667,66.675
B0079Z7O5S,1,6,0,3,14,26,49,4.102,77.55
B007E9F86Q,1,33,11,36,76,100,256,3.777,69.425
B007E9FICK,1,2,1,0,3,7,13,3.923,73.075
B007E9H206,1,7,3,3,18,33,64,4.047,76.175
B007E9KMR6,1,13,2,3,13,26,57,3.649,66.225
B007E9LQ6W,1,3,0,3,2,8,16,3.75,68.75
B007E9LR5C,1,6,0,1,4,10,21,3.571,64.275
B0087PZHSA,1,4,0,3,2,6,15,3.4,60.0
B008DV5H7Y,1,12,4,8,16,36,76,3.789,69.725
B008KH5SRK,1,7,5,6,15,34,67,3.955,73.875
B008TO7DEA,1,1,2,1,10,25,39,4.436,85.9
B008TO7RVY,1,1,0,1,4,5,11,4.091,77.275
B008TO805G,1,4,3,13,36,73,129,4.326,83.15
B008TO82D6,1,0,1,4,9,18,32,4.375,84.375
B008TO86Y6,1,3,1,3,8,11,26,3.885,72.125
B008TO8UMY,1,95,37,89,263,568,1052,4.114,77.85
B008VPAAQA,1,20,8,20,36,89,173,3.96,74.0
B009YPV08S,1,14,13,21,71,146,265,4.215,80.375
B00CQ42GK0,1,5,2,4,11,34,56,4.196,79.9
B00CS1J730,1,1,0,1,3,7,12,4.25,81.25
B00CS1JCXU,1,4,3,4,25,43,79,4.266,81.65
B00CS1K0UE,1,15,4,18,36,85,158,4.089,77.225
B00CS1K5XG,1,9,6,5,12,18,50,3.48,62.0
B00CS1K9KK,1,15,8,15,37,47,122,3.762,69.05
B00CS1KT96,1,9,2,3,7,22,43,3.721,68.025
B00DO3P3WK,1,2,4,1,5,12,24,3.875,71.875
B00DRE0XJ4,1,35,7,16,42,67,167,3.593,64.825
B00DRE6DM0,1,27,4,17,30,60,138,3.667,66.675
B00E3RDMU6,1,0,0,0,1,6,7,4.857,96.425
B00ENZT22A,1,8,4,3,10,16,41,3.537,63.425
B00ENZT3U6,1,1,0,1,4,12,18,4.444,86.1
B00ENZT6E4,1,30,2,9,24,47,112,3.5,62.5
B00ENZT7PM,1,26,4,7,29,49,115,3.617,65.425
B00ENZTAEK,1,6,4,8,14,30,62,3.935,73.375
B00ENZTBJ4,1,9,13,10,32,52,116,3.905,72.625
B00EU4YX82,1,26,13,22,48,100,209,3.876,71.9
B00EYYB994,1,6,0,1,3,5,15,3.067,51.675
B00F2DZQ54,1,7,2,1,5,15,30,3.633,65.825
B00F5OP23Q,1,2,0,1,1,3,7,3.429,60.725
B00FVUGQSE,1,3,2,1,1,4,11,3.091,52.275
B00FVUGU1C,1,5,1,0,3,10,19,3.632,65.8
B00FVUGVPM,1,13,5,8,24,67,117,4.085,77.125
B00FVUGVXE,1,21,2,8,15,39,85,3.576,64.4
B00FXM280U,1,72,30,54,156,295,607,3.942,73.55
B00G4UDFZM,1,8,3,15,32,59,117,4.12,78.0
B00G6BWYQK,1,0,3,1,2,8,14,4.071,76.775
B00G6MWPHW,1,3,3,4,7,14,31,3.839,70.975
B00G96JORE,1,2,6,1,13,49,71,4.423,85.575
B00G96K018,1,8,1,4,12,26,51,3.922,73.05
B00GSSHAQK,1,5,2,1,14,35,57,4.263,81.575
B00GSSJMUC,1,23,19,31,113,217,403,4.196,79.9
B00GSSK80A,1,5,2,5,10,21,43,3.93,73.25
B00I0F6MPY,1,5,0,1,3,8,17,3.529,63.225
B00ID786GW,1,8,4,1,14,13,40,3.5,62.5
B00INSTNCC,1,12,2,5,17,19,55,3.527,63.175
B00JDCJC8C,1,19,5,3,7,18,52,3.0,50.0
B00JR6KSXM,1,1,2,0,1,2,6,3.167,54.175
B00K3LX7RE,1,5,5,4,7,14,35,3.571,64.275
B00K8104AC,1,15,2,8,10,7,42,2.81,45.25
B00K851OIE,1,38,16,46,189,383,672,4.284,82.1
B00KBT9RW2,1,6,1,1,5,7,20,3.3,57.5
B00LSCLJOU,1,3,2,1,6,11,23,3.87,71.75
B00LXZU4OS,1,9,3,1,8,5,26,2.885,47.125
B00M315X2O,1,3,2,0,1,10,16,3.813,70.325
B00NJQLF5G,1,0,0,1,2,4,7,4.429,85.725
B00OCJT2QI,1,36,6,11,23,53,129,3.395,59.875
B00OCJT5UQ,1,3,0,0,5,6,14,3.786,69.65
B00PCD2AVC,1,89,25,62,123,217,516,3.686,67.15
B00RE96D4C,1,2,1,0,3,0,6,2.667,41.675
B00S4R0E8E,1,7,6,12,23,40,88,3.943,73.575
B00S4R0MGI,1,26,16,9,38,60,149,3.604,65.1
B00S4R0PSS,1,28,5,15,34,69,151,3.735,68.375
B00S4R0YQQ,1,10,3,3,9,29,54,3.815,70.375
B00S4R12FI,1,2,2,2,8,7,21,3.762,69.05
B00SFJIIMA,1,5,4,8,19,34,70,4.043,76.075
B00TX05SUU,1,2,3,2,6,22,35,4.229,80.725
B00TYDP7T8,1,3,0,2,10,9,24,3.917,72.925
B00WJLQKE8,1,18,5,11,18,26,78,3.372,59.3
B00WJM5YTY,1,1,1,1,4,4,11,3.818,70.45
B00WM0RAM2,1,8,4,13,36,43,104,3.981,74.525
B00ZU2XJXS,1,17,3,0,5,8,33,2.515,37.875
B00ZUNQGXM,1,2,0,0,0,2,4,3.0,50.0
B00ZUNQZZG,1,5,4,4,4,6,23,3.087,52.175
B0105ZGBJI,1,5,3,0,2,6,16,3.063,51.575
B0105ZGLAW,1,16,2,16,28,88,150,4.133,78.325
B015IS9U36,1,3,0,2,3,3,11,3.273,56.825
B015IS9VYY,1,3,3,7,15,16,44,3.864,71.6
B018HSHFKO,1,46,9,14,47,117,233,3.773,69.325
B018HSHFR2,1,4,1,5,7,23,40,4.1,77.5
B01AL66M0O,1,0,0,0,2,10,12,4.833,95.825
B01BBNF6NK,1,80,24,47,111,220,482,3.761,69.025
B01C42I1NE,1,10,3,2,3,13,31,3.194,54.85
B01C42I4Z4,1,7,2,2,5,9,25,3.28,57.0
B01GO5VRZG,1,0,2,2,12,38,54,4.593,89.825
B01GOAWVUG,1,0,0,0,14,21,35,4.6,90.0
B01GT8JXTU,1,0,1,3,1,15,20,4.5,87.5
B01GT8JXV8,1,3,0,7,15,17,42,4.024,75.6
B01I5GX46W,1,13,4,4,14,23,58,3.517,62.925
B01LNT7XU6,1,1,0,1,1,2,5,3.6,65.0
B06X1872QT,1,5,3,2,8,27,45,4.089,77.225
B074QW1S9Q,1,9,3,2,20,40,74,4.068,76.7
224907,1,0,0,4,19,92,115,4.765,94.125
137837,1,0,1,0,5,37,43,4.814,95.35
5997,1,11,14,42,301,644,1012,4.535,88.375
218609,1,1,0,1,5,37,44,4.75,93.75
70780,1,1,2,5,49,98,155,4.555,88.875
28273,1,3,4,28,172,549,756,4.667,91.675
28076,1,4,8,24,81,147,264,4.36,84.0
14960,1,7,12,25,172,391,607,4.529,88.225
6000,1,2,0,10,63,139,214,4.575,89.375
60555,1,13,15,27,193,324,572,4.399,84.975
10706,1,0,5,13,26,35,79,4.152,78.8
6087,1,4,8,20,71,91,194,4.222,80.55
39993,1,2,1,3,19,28,53,4.321,83.025
158781,1,0,1,4,12,31,48,4.521,88.025
39986,1,1,2,8,22,15,48,4.0,75.0
28049,1,0,0,0,18,53,71,4.746,93.65
157434,1,0,0,3,7,9,19,4.316,82.9
12545,1,3,3,15,65,109,195,4.405,85.125
11257,1,0,1,8,51,71,131,4.466,86.65
218610,1,0,0,0,1,8,9,4.889,97.225
2581,1,8,12,23,89,128,260,4.219,80.475
13396,1,0,3,7,23,29,62,4.258,81.45
91601,1,0,1,3,29,68,101,4.624,90.6
91603,1,0,1,4,33,66,104,4.577,89.425
28358,1,1,6,7,22,55,91,4.363,84.075
4528,1,6,2,2,20,34,64,4.156,78.9
197285,1,0,0,4,7,17,28,4.464,86.6
27284,1,0,1,3,31,45,80,4.5,87.5
60887,1,3,2,11,45,66,127,4.331,83.275
188771,1,0,0,1,2,11,14,4.714,92.85
110107,1,0,0,0,3,14,17,4.824,95.6
10079,1,4,1,5,11,17,38,3.947,73.675
151809,1,0,0,1,6,6,13,4.385,84.625
68699,1,0,0,3,19,27,49,4.49,87.25
151824,1,0,0,2,5,18,25,4.64,91.0
28340,1,0,1,2,24,71,98,4.684,92.1
39987,1,2,1,3,10,24,40,4.325,83.125
68512,1,0,0,3,17,35,55,4.582,89.55
209038,1,0,0,4,7,18,29,4.483,87.075
13404,1,2,0,3,8,21,34,4.353,83.825
38367,1,0,2,4,17,22,45,4.311,82.775
29682,1,1,0,4,11,23,39,4.41,85.25
62278,1,2,1,4,8,23,38,4.289,82.225
2211,1,2,2,6,34,67,111,4.459,86.475
23070,1,4,1,8,12,20,45,3.956,73.9
78278,1,0,1,0,5,6,12,4.333,83.325
68518,1,2,1,4,20,54,81,4.519,87.975
68509,1,1,0,7,28,49,85,4.459,86.475
116625,1,0,0,2,2,6,10,4.4,85.0
24155,1,0,0,1,6,11,18,4.556,88.9
41404,1,2,0,5,18,23,48,4.25,81.25
10975,1,0,3,5,21,23,52,4.231,80.775
23687,1,1,1,6,31,20,59,4.153,78.825
72968,1,1,1,1,9,19,31,4.419,85.475
62052,1,0,0,1,9,11,21,4.476,86.9
28365,1,2,1,11,21,50,85,4.365,84.125
152118,1,0,0,0,3,6,9,4.667,91.675
28225,1,1,0,4,15,42,62,4.565,89.125
8078,1,1,3,9,26,21,60,4.05,76.25
73154,1,1,0,9,34,75,119,4.529,88.225
110241,1,3,1,7,28,75,114,4.5,87.5
34947,1,0,0,2,14,42,58,4.69,92.25
181560,1,0,1,0,0,4,5,4.4,85.0
13367,1,0,0,2,7,26,35,4.686,92.15
85355,1,0,1,6,10,26,43,4.419,85.475
39995,1,0,0,2,9,19,30,4.567,89.175
12570,1,0,0,1,11,19,31,4.581,89.525
113728,1,0,2,4,18,23,47,4.319,82.975
192102,1,0,0,0,0,1,1,5.0,100.0
156996,1,0,0,0,1,8,9,4.889,97.225
36005,1,2,0,8,25,45,80,4.388,84.7
188813,1,1,0,0,2,3,6,4.0,75.0
111789,1,1,0,3,15,35,54,4.537,88.425
24158,1,0,0,0,3,9,12,4.75,93.75
28088,1,1,2,0,9,8,20,4.05,76.25
59128,1,1,0,0,8,21,30,4.6,90.0
130814,1,0,0,2,6,14,22,4.545,88.625
39997,1,0,1,2,13,9,25,4.2,80.0
12165,1,0,2,7,28,24,61,4.213,80.325
2206,1,0,0,1,6,7,14,4.429,85.725
38368,1,1,1,2,24,6,34,3.971,74.275
118856,1,0,1,2,20,34,57,4.526,88.15
183994,1,0,0,0,4,9,13,4.692,92.3
73155,1,4,1,9,50,64,128,4.32,83.0
36009,1,0,0,5,9,29,43,4.558,88.95
16521,1,0,0,1,1,8,10,4.7,92.5
25749,1,1,1,3,9,13,27,4.185,79.625
10844,1,0,0,4,9,22,35,4.514,87.85
7954,1,0,0,6,14,53,73,4.644,91.1
25276,1,1,0,2,3,6,12,4.083,77.075
4249,1,0,3,4,10,26,43,4.372,84.3
37949,1,0,0,2,5,2,9,4.0,75.0
40011,1,0,1,0,2,3,6,4.167,79.175
165633,1,2,2,1,14,25,44,4.318,82.95
62053,1,0,2,4,3,6,15,3.867,71.675
5983,1,1,1,1,11,9,23,4.13,78.25
85149,1,0,0,0,6,6,12,4.5,87.5
13411,1,1,0,9,20,53,83,4.494,87.35
68705,1,0,0,1,5,4,10,4.3,82.5
6088,1,3,2,5,12,24,46,4.13,78.25
31080,1,0,0,4,6,15,25,4.44,86.0
31429,1,0,0,0,1,3,4,4.75,93.75
61300,1,0,0,1,10,16,27,4.556,88.9
13394,1,0,2,6,12,11,31,4.032,75.8
19579,1,0,0,1,0,1,2,4.0,75.0
28270,1,1,0,3,7,17,28,4.393,84.825
111775,1,0,0,1,2,5,8,4.5,87.5
15609,1,0,0,0,1,1,2,4.5,87.5
130810,1,0,0,0,2,0,2,4.0,75.0
29756,1,0,1,4,18,49,72,4.597,89.925
39991,1,0,0,2,7,8,17,4.353,83.825
30725,1,1,2,2,8,20,33,4.333,83.325
60222,1,0,0,0,2,7,9,4.778,94.45
228428,1,0,0,0,0,2,2,5.0,100.0
60883,1,0,1,1,1,22,25,4.76,94.0
128146,1,0,2,0,7,13,22,4.409,85.225
60369,1,0,0,2,7,8,17,4.353,83.825
158698,1,0,0,0,2,0,2,4.0,75.0
36008,1,0,0,1,13,31,45,4.667,91.675
25209,1,0,0,3,6,7,16,4.25,81.25
11127,1,0,1,5,26,59,91,4.571,89.275
145229,1,0,0,0,3,10,13,4.769,94.225
15360,1,1,2,3,8,13,27,4.111,77.775
152335,1,0,0,1,10,20,31,4.613,90.325
15359,1,0,0,3,17,28,48,4.521,88.025
41402,1,1,0,1,8,10,20,4.3,82.5
85085,1,0,0,3,5,17,25,4.56,89.0
152097,1,0,0,1,1,4,6,4.5,87.5
19580,1,0,0,0,2,2,4,4.5,87.5
196355,1,0,0,0,0,1,1,5.0,100.0
76872,1,0,0,1,7,9,17,4.471,86.775
17007,1,0,0,1,7,6,14,4.357,83.925
60396,1,1,0,2,13,32,48,4.563,89.075
17211,1,0,0,0,5,6,11,4.545,88.625
174920,1,0,0,0,1,11,12,4.917,97.925
66469,1,1,0,0,5,3,9,4.0,75.0
81091,1,0,0,0,0,11,11,5.0,100.0
40656,1,3,2,5,13,14,37,3.892,72.3
15361,1,1,0,6,11,22,40,4.325,83.125
12536,1,0,0,5,17,14,36,4.25,81.25
165634,1,0,0,3,10,17,30,4.467,86.675
19487,1,0,1,6,5,19,31,4.355,83.875
59540,1,1,0,2,6,5,14,4.0,75.0
25288,1,1,2,4,8,19,34,4.235,80.875
61305,1,0,0,0,1,3,4,4.75,93.75
109407,1,0,0,0,3,10,13,4.769,94.225
165631,1,0,0,5,3,12,20,4.35,83.75
208979,1,0,0,1,4,17,22,4.727,93.175
13376,1,0,0,1,10,15,26,4.538,88.45
5944,1,1,0,7,23,30,61,4.328,83.2
34526,1,0,0,3,10,20,33,4.515,87.875
30572,1,0,2,4,0,20,26,4.462,86.55
10771,1,2,0,1,12,22,37,4.405,85.125
68523,1,0,0,3,3,3,9,4.0,75.0
13374,1,0,0,1,3,5,9,4.444,86.1
61312,1,0,0,0,0,1,1,5.0,100.0
17234,1,0,0,0,2,12,14,4.857,96.425
6151,1,0,0,1,10,18,29,4.586,89.65
40666,1,0,0,0,2,4,6,4.667,91.675
31120,1,0,0,4,3,19,26,4.577,89.425
15771,1,0,0,1,13,22,36,4.583,89.575
9284,1,1,0,1,13,12,27,4.296,82.4
17010,1,0,1,1,6,5,13,4.154,78.85
6697,1,0,0,1,9,30,40,4.725,93.125
110351,1,0,0,0,1,5,6,4.833,95.825
4850,1,0,0,0,1,0,1,4.0,75.0
177030,1,0,0,1,0,4,5,4.6,90.0
110353,1,0,0,0,4,4,8,4.5,87.5
25330,1,1,0,0,3,4,8,4.125,78.125
36007,1,0,0,1,6,17,24,4.667,91.675
175814,1,0,0,0,1,1,2,4.5,87.5
35730,1,0,0,1,1,7,9,4.667,91.675
182447,1,0,0,0,0,6,6,5.0,100.0
9300,1,0,1,1,14,27,43,4.558,88.95
176978,1,1,0,0,3,0,4,3.25,56.25
13880,1,0,1,1,7,5,14,4.143,78.575
22824,1,1,3,4,12,21,41,4.195,79.875
224908,1,0,0,7,25,87,119,4.672,91.8
17280,1,0,0,3,5,8,16,4.313,82.825
4833,1,1,1,2,7,14,25,4.28,82.0
60886,1,0,0,1,3,12,16,4.688,92.2
11178,1,0,0,0,9,10,19,4.526,88.15
70778,1,0,0,1,2,1,4,4.0,75.0
40043,1,1,0,2,17,8,28,4.107,77.675
17138,1,0,0,0,0,11,11,5.0,100.0
59522,1,0,0,3,3,9,15,4.4,85.0
209477,1,0,0,0,0,2,2,5.0,100.0
10095,1,0,1,2,4,11,18,4.389,84.725
36375,1,3,0,3,6,10,22,3.909,72.725
1531,1,0,1,1,7,12,21,4.429,85.725
25349,1,0,0,0,5,7,12,4.583,89.575
130811,1,0,1,0,4,7,12,4.417,85.425
35153,1,0,1,2,8,12,23,4.348,83.7
183995,1,0,0,0,5,5,10,4.5,87.5
9308,1,1,2,3,13,34,53,4.453,86.325
13414,1,0,0,5,9,8,22,4.136,78.4
34915,1,0,1,2,1,0,4,3.0,50.0
15114,1,0,1,3,7,5,16,4.0,75.0
34216,1,0,0,0,2,6,8,4.75,93.75
59494,1,0,0,0,4,10,14,4.714,92.85
30574,1,2,2,1,2,3,10,3.2,55.0
18354,1,0,0,0,0,2,2,5.0,100.0
13407,1,0,2,2,15,28,47,4.468,86.7
188753,1,0,0,0,0,1,1,5.0,100.0
8077,1,3,0,5,10,11,29,3.897,72.425
37948,1,1,1,9,6,4,21,3.524,63.1
17212,1,0,0,0,0,5,5,5.0,100.0
34244,1,0,0,2,7,10,19,4.421,85.525
13883,1,1,1,3,5,14,24,4.25,81.25
9754,1,0,0,1,10,7,18,4.333,83.325
30728,1,0,1,1,6,14,22,4.5,87.5
40010,1,0,0,3,3,2,8,3.875,71.875
8953,1,0,0,1,6,8,15,4.467,86.675
4741,1,2,0,1,5,12,20,4.25,81.25
24194,1,0,0,0,2,20,22,4.909,97.725
36679,1,1,0,1,5,7,14,4.214,80.35
51042,1,0,1,2,3,4,10,4.0,75.0
12503,1,0,0,6,10,12,28,4.214,80.35
25255,1,0,4,1,4,12,21,4.143,78.575
4490,1,0,0,1,3,5,9,4.444,86.1
150074,1,0,0,0,0,50,50,5.0,100.0
70219,1,0,0,0,4,4,8,4.5,87.5
34248,1,0,1,1,4,7,13,4.308,82.7
47994,1,2,1,1,2,0,6,2.5,37.5
1526,1,0,3,0,4,6,13,4.0,75.0
126028,1,0,1,0,4,13,18,4.611,90.275
16665,1,0,0,1,1,10,12,4.75,93.75
10094,1,0,0,0,6,3,9,4.333,83.325
78490,1,0,1,3,2,5,11,4.0,75.0
28580,1,0,0,0,1,4,5,4.8,95.0
35162,1,0,1,3,3,5,12,4.0,75.0
73024,1,0,0,1,1,4,6,4.5,87.5
34243,1,0,0,0,1,6,7,4.857,96.425
4506,1,1,0,1,1,5,8,4.125,78.125
17042,1,0,0,1,5,9,15,4.533,88.325
7022,1,0,0,0,6,6,12,4.5,87.5
13888,1,0,1,3,5,5,14,4.0,75.0
2214,1,0,0,1,1,7,9,4.667,91.675
35160,1,0,1,1,8,5,15,4.133,78.325
177124,1,0,0,0,0,1,1,5.0,100.0
29854,1,0,0,0,1,1,2,4.5,87.5
191246,1,0,0,0,1,1,2,4.5,87.5
16716,1,1,1,1,6,6,15,4.0,75.0
11520,1,0,1,3,6,11,21,4.286,82.15
23024,1,0,1,0,5,3,9,4.111,77.775
219112,1,0,0,0,0,2,2,5.0,100.0
17546,1,0,0,1,5,2,8,4.125,78.125
30085,1,0,0,1,2,1,4,4.0,75.0
140334,1,1,1,0,1,2,5,3.4,60.0
4493,1,0,0,2,2,6,10,4.4,85.0
188773,1,1,0,0,1,4,6,4.167,79.175
35728,1,0,0,5,5,14,24,4.375,84.375
16517,1,0,0,0,1,4,5,4.8,95.0
34525,1,1,0,2,11,9,23,4.174,79.35
1741,1,0,1,1,6,8,16,4.313,82.825
36378,1,0,1,0,3,5,9,4.333,83.325
70966,1,0,0,1,3,5,9,4.444,86.1
862,1,0,0,0,2,0,2,4.0,75.0
35731,1,0,0,1,0,6,7,4.714,92.85
59526,1,2,0,1,1,5,9,3.778,69.45
39850,1,0,0,0,0,2,2,5.0,100.0
19493,1,0,0,0,7,17,24,4.708,92.7
25184,1,1,3,5,11,12,32,3.938,73.45
11258,1,0,0,0,5,9,14,4.643,91.075
16097,1,0,0,0,2,9,11,4.818,95.45
2984,1,0,0,0,3,4,7,4.571,89.275
23867,1,0,2,1,4,5,12,4.0,75.0
164875,1,0,0,1,0,1,2,4.0,75.0
16421,1,0,0,1,0,6,7,4.714,92.85
29161,1,1,0,0,4,4,9,4.111,77.775
85209,1,0,0,1,0,3,4,4.5,87.5
126024,1,0,0,2,2,4,8,4.25,81.25
16109,1,0,0,0,2,9,11,4.818,95.45
4099,1,0,0,2,7,10,19,4.421,85.525
34522,1,0,0,1,1,5,7,4.571,89.275
40039,1,0,1,1,4,3,9,4.0,75.0
130823,1,0,0,0,0,1,1,5.0,100.0
12563,1,0,1,0,5,3,9,4.111,77.775
142335,1,0,0,0,1,2,3,4.667,91.675
35639,1,0,1,1,0,3,5,4.0,75.0
34527,1,0,2,1,1,5,9,4.0,75.0
17403,1,0,1,4,3,2,10,3.6,65.0
30710,1,0,0,1,3,6,10,4.5,87.5
27593,1,0,1,0,1,2,4,4.0,75.0
71250,1,0,0,0,2,1,3,4.333,83.325
884,1,0,2,3,2,3,10,3.6,65.0
168028,1,0,0,0,5,2,7,4.286,82.15
198962,1,0,0,0,0,2,2,5.0,100.0
171912,1,0,0,0,4,36,40,4.9,97.5
41568,1,0,0,1,0,9,10,4.8,95.0
27544,1,0,0,0,3,4,7,4.571,89.275
176991,1,0,0,0,1,2,3,4.667,91.675
17267,1,2,0,1,9,10,22,4.136,78.4
73028,1,0,1,0,0,3,4,4.25,81.25
37951,1,0,1,3,3,4,11,3.909,72.725
170138,1,0,0,0,2,1,3,4.333,83.325
16417,1,0,0,0,1,1,2,4.5,87.5
16715,1,0,0,0,4,4,8,4.5,87.5
16122,1,0,0,1,1,8,10,4.7,92.5
17232,1,0,0,0,1,4,5,4.8,95.0
12544,1,0,0,0,2,4,6,4.667,91.675
2215,1,0,1,1,12,17,31,4.452,86.3
28368,1,0,0,1,2,1,4,4.0,75.0
26501,1,0,1,2,1,3,7,3.857,71.425
7419,1,1,1,3,7,12,24,4.167,79.175
17111,1,0,0,0,0,2,2,5.0,100.0
28260,1,1,2,2,1,2,8,3.125,53.125
41025,1,0,0,1,3,4,8,4.375,84.375
33669,1,0,0,0,0,4,4,5.0,100.0
35143,1,1,0,1,0,0,2,2.0,25.0
69298,1,0,0,0,2,3,5,4.6,90.0
35726,1,0,0,2,3,5,10,4.3,82.5
28623,1,0,0,0,1,2,3,4.667,91.675
25741,1,0,0,1,0,6,7,4.714,92.85
76480,1,1,0,1,1,4,7,4.0,75.0
13452,1,0,0,0,3,6,9,4.667,91.675
79662,1,0,0,1,1,2,4,4.25,81.25
40629,1,0,0,0,0,1,1,5.0,100.0
18020,1,6,7,18,127,242,400,4.48,87.0
9265,1,0,0,0,6,6,12,4.5,87.5
149593,1,0,0,1,2,1,4,4.0,75.0
60372,1,0,1,0,1,4,6,4.333,83.325
24009,1,1,0,1,8,13,23,4.391,84.775
16185,1,0,1,0,3,2,6,4.0,75.0
141334,1,0,0,1,0,1,2,4.0,75.0
28261,1,0,0,0,2,4,6,4.667,91.675
5138,1,0,0,0,2,6,8,4.75,93.75
41565,1,0,0,1,4,5,10,4.4,85.0
88585,1,0,0,3,0,2,5,3.8,70.0
7859,1,0,0,0,5,3,8,4.375,84.375
31081,1,0,0,1,5,6,12,4.417,85.425
128144,1,0,0,0,3,5,8,4.625,90.625
32768,1,0,1,1,5,10,17,4.412,85.3
17294,1,0,0,0,0,1,1,5.0,100.0
79649,1,0,0,0,1,4,5,4.8,95.0
28581,1,1,0,0,2,4,7,4.143,78.575
23996,1,1,1,2,4,7,15,4.0,75.0
16085,1,0,0,2,4,6,12,4.333,83.325
23222,1,0,0,1,3,5,9,4.444,86.1
34240,1,0,0,0,0,5,5,5.0,100.0
4487,1,0,1,0,4,7,12,4.417,85.425
25183,1,0,1,3,1,8,13,4.231,80.775
15767,1,0,0,0,1,1,2,4.5,87.5
12752,1,0,0,0,1,0,1,4.0,75.0
18019,1,2,1,2,7,5,17,3.706,67.65
60368,1,1,0,0,5,3,9,4.0,75.0
34698,1,0,1,0,0,4,5,4.4,85.0
73716,1,0,0,0,0,1,1,5.0,100.0
12568,1,1,0,1,3,2,7,3.714,67.85
32070,1,0,0,0,0,4,4,5.0,100.0
18442,1,0,0,0,1,2,3,4.667,91.675
71227,1,0,0,0,1,0,1,4.0,75.0
34523,1,0,0,1,0,2,3,4.333,83.325
9287,1,0,0,2,2,3,7,4.143,78.575
126021,1,0,0,0,1,0,1,4.0,75.0
59524,1,0,0,1,3,12,16,4.688,92.2
9301,1,0,0,1,7,9,17,4.471,86.775
85201,1,0,0,1,1,3,5,4.4,85.0
145828,1,0,0,0,3,6,9,4.667,91.675
108987,1,1,2,3,22,22,50,4.24,81.0
40665,1,0,1,4,11,26,42,4.476,86.9
145829,1,0,0,0,6,2,8,4.25,81.25
5947,1,0,3,5,35,47,90,4.4,85.0
137834,1,0,2,1,9,39,51,4.667,91.675
110347,1,3,4,5,30,66,108,4.407,85.175
110224,1,2,3,9,41,113,168,4.548,88.7
76866,1,1,1,4,14,29,49,4.408,85.2
85354,1,2,3,3,16,37,61,4.361,84.025
220214,1,0,1,2,13,59,75,4.733,93.325
197279,1,0,1,1,15,47,64,4.688,92.2
10976,1,15,10,71,293,482,871,4.397,84.925
220217,1,0,0,1,9,39,49,4.776,94.4
35523,1,1,3,12,47,65,128,4.344,83.6
ATAD92QG2PHN9PVM,1,0,1,2,3,1,7,3.571,64.275
ATADFRR7MAZ3WGNY,1,4,0,1,2,5,12,3.333,58.325
ATAE3YFQCHQ9BSMR,1,0,0,0,0,1,1,5.0,100.0
ATAE7M9FHWHTSXSP,1,1,0,0,1,2,4,3.75,68.75
ATAE7NAGE2YTVVPR,1,1,2,1,0,1,5,2.6,40.0
ATAEFYCYHF5NZ3FF,1,1,0,1,0,0,2,2.0,25.0
ATAEVHNQBEF3K2NH,1,0,0,0,0,1,1,5.0,100.0
ATAEVHNQZ9HGFNWC,1,0,0,0,1,1,2,4.5,87.5
ATAEZ67FDMHAJEF7,1,0,0,0,0,1,1,5.0,100.0
ATAEZ6QKQZMGF3RN,1,0,0,0,0,1,1,5.0,100.0
FCPDZ7NMH6GFN2TV,1,0,0,0,0,1,1,5.0,100.0
FCPDZ7NMHGQZGCF9,1,0,0,0,0,1,1,5.0,100.0
FCPEVPZ7XRJGG2BW,1,0,0,0,0,1,1,5.0,100.0
FCTE3QBT2VA5CAZU,1,2,0,0,1,2,5,3.2,55.0
FCTEHMKGZP5F6TQZ,1,0,0,0,0,1,1,5.0,100.0
FCWD9MVTZF3GG4HZ,1,0,0,0,1,0,1,4.0,75.0
FCWDRYKFNZ5ESSQX,1,0,0,0,0,2,2,5.0,100.0
FCWE6A5GGEJMENYJ,1,0,0,0,0,3,3,5.0,100.0
FCWEBUHAHDCRAVFV,1,0,0,0,0,1,1,5.0,100.0
MSCE7WGEXHF3BUBM,1,1,1,0,0,1,3,2.667,41.675
MSCEE4VTMJUC6EVX,1,1,0,0,0,1,2,3.0,50.0
MSCEE4VWBBZZGYCH,1,0,0,0,1,1,2,4.5,87.5
MSCEES7DYPHBFVM6,1,1,0,0,0,0,1,1.0,0.0
MSCEGJYT5HCHY7SE,1,0,0,0,0,1,1,5.0,100.0
MSCEGRHZGYXGCK6U,1,2,0,0,0,1,3,2.333,33.325
MSCEH7WYXHXCDZUF,1,0,0,0,1,1,2,4.5,87.5
MSCEHFBMZNYH6FCF,1,0,0,0,1,0,1,4.0,75.0
MSCEJWGXBP6GK5YF,1,0,0,0,0,1,1,5.0,100.0
MSCEM2GEXGDRGHNZ,1,0,0,0,0,1,1,5.0,100.0
MSCEMHWCKS6FESXG,1,1,0,2,1,3,7,3.714,67.85
MSCEQ9SHEAP3JA38,1,0,0,0,0,2,2,5.0,100.0
MSCERVFPTNZPJJR6,1,0,0,0,0,1,1,5.0,100.0
MSCFY67WMY7J5HSV,1,0,0,0,1,0,1,4.0,75.0
SCBDRYKF2YJ3HVXY,1,0,1,0,0,4,5,4.4,85.0
SNRDEF6ZEAYBVHXZ,1,0,0,0,0,1,1,5.0,100.0
SNRE777GBPNZUHQG,1,1,0,0,0,1,2,3.0,50.0
SNREDBYJ7PC3M9WS,1,2,0,0,1,0,3,2.0,25.0
SNREGN5CRUNJCNZK,1,0,0,0,1,0,1,4.0,75.0
SNREH7WZGHNBA3ZQ,1,0,0,0,1,0,1,4.0,75.0
SNREHH3ZCZHGF9UQ,1,1,1,2,1,1,6,3.0,50.0
SNREKFKYFHZNZ9KF,1,0,0,0,0,1,1,5.0,100.0
TNREE5HREJFRCBHP,1,0,0,0,0,1,1,5.0,100.0
B00JI2T80Y,1,1,0,0,2,2,5,3.8,70.0
B00WJM662S,1,0,0,0,3,0,3,4.0,75.0
B01C5717GQ,1,1,1,0,1,1,4,3.0,50.0
B01F7SUFFE,1,1,0,1,1,3,6,3.833,70.825
177096,1,0,0,0,0,7,7,5.0,100.0
81806,1,0,0,0,1,0,1,4.0,75.0
224084,1,0,0,0,0,9,9,5.0,100.0
188752,1,0,0,1,0,0,1,3.0,50.0
228429,1,0,0,0,0,2,2,5.0,100.0
188884,1,0,0,0,2,4,6,4.667,91.675
38172,1,0,0,0,1,3,4,4.75,93.75
216655,1,0,0,1,0,3,4,4.5,87.5
17950,1,1,0,1,5,20,27,4.593,89.825
245368,1,0,0,0,1,0,1,4.0,75.0
243872,1,0,0,0,0,1,1,5.0,100.0
37952,1,0,0,0,4,5,9,4.556,88.9
218484,1,0,0,0,3,2,5,4.4,85.0
68472,1,0,0,0,1,5,6,4.833,95.825
152094,1,0,0,0,0,5,5,5.0,100.0
198959,1,0,0,0,0,1,1,5.0,100.0
216720,1,0,0,0,1,3,4,4.75,93.75
39540,1,0,0,0,3,2,5,4.4,85.0
17239,1,0,0,0,1,1,2,4.5,87.5
239497,1,0,0,0,0,1,1,5.0,100.0
40001,1,0,1,0,4,2,7,4.0,75.0
245662,1,0,0,0,1,1,2,4.5,87.5
234145,1,0,0,0,1,0,1,4.0,75.0
9303,1,0,0,3,14,31,48,4.583,89.575
68336,1,0,0,0,2,1,3,4.333,83.325
142325,1,0,0,0,0,1,1,5.0,100.0
201220,1,0,0,0,5,5,10,4.5,87.5
198295,1,0,0,0,0,1,1,5.0,100.0
25326,1,0,0,1,2,3,6,4.333,83.325
220112,1,0,0,0,0,1,1,5.0,100.0
14665,1,0,1,1,2,1,5,3.6,65.0
19664,1,0,1,0,1,2,4,4.0,75.0
31421,1,0,0,0,0,1,1,5.0,100.0
34524,1,0,0,0,1,4,5,4.8,95.0
167744,1,0,0,1,1,1,3,4.0,75.0
40003,1,0,0,1,3,2,6,4.167,79.175
25315,1,0,0,0,1,6,7,4.857,96.425
138539,1,0,0,0,1,4,5,4.8,95.0
153271,1,0,0,0,1,5,6,4.833,95.825
31110,1,0,0,1,1,1,3,4.0,75.0
68484,1,0,0,0,1,0,1,4.0,75.0
17153,1,0,0,0,1,1,2,4.5,87.5
152095,1,0,0,1,0,0,1,3.0,50.0
28341,1,1,0,1,3,11,16,4.438,85.95
182438,1,0,0,0,1,5,6,4.833,95.825
7024,1,0,0,0,3,5,8,4.625,90.625
172063,1,0,0,2,4,6,12,4.333,83.325
129914,1,0,0,0,1,2,3,4.667,91.675
177075,1,0,0,0,0,2,2,5.0,100.0
69304,1,0,0,0,0,2,2,5.0,100.0
179047,1,0,0,0,0,1,1,5.0,100.0
39992,1,0,0,0,3,3,6,4.5,87.5
165139,1,0,0,0,1,0,1,4.0,75.0
76473,1,0,0,0,0,2,2,5.0,100.0
39994,1,0,0,1,1,0,2,3.5,62.5
191253,1,0,0,0,1,0,1,4.0,75.0
30217,1,0,0,1,1,2,4,4.25,81.25
79526,1,0,0,0,0,4,4,5.0,100.0
183281,1,0,0,0,3,2,5,4.4,85.0
28612,1,0,0,1,2,4,7,4.429,85.725
201213,1,0,0,0,0,4,4,5.0,100.0
1637,1,0,0,0,0,1,1,5.0,100.0
222085,1,0,0,1,0,0,1,3.0,50.0
28636,1,1,1,2,0,2,6,3.167,54.175
106225,1,0,0,0,0,1,1,5.0,100.0
177110,1,0,0,0,0,4,4,5.0,100.0
181563,1,0,0,0,0,2,2,5.0,100.0
191381,1,0,0,0,0,1,1,5.0,100.0
28607,1,0,0,0,0,1,1,5.0,100.0
17127,1,0,0,0,1,0,1,4.0,75.0
177046,1,0,0,0,1,2,3,4.667,91.675
17921,1,0,0,0,0,3,3,5.0,100.0
131987,1,0,0,0,0,1,1,5.0,100.0
191257,1,0,0,0,0,1,1,5.0,100.0
4491,1,0,0,1,2,0,3,3.667,66.675
245164,1,0,0,0,1,1,2,4.5,87.5
198212,1,0,0,0,1,2,3,4.667,91.675
25654,1,0,0,0,2,3,5,4.6,90.0
32189,1,0,0,0,2,1,3,4.333,83.325
35154,1,0,0,0,4,2,6,4.333,83.325
60233,1,1,0,0,0,1,2,3.0,50.0
158536,1,0,0,0,1,0,1,4.0,75.0
37613,1,0,0,0,0,1,1,5.0,100.0
73026,1,0,1,0,0,2,3,4.0,75.0
71224,1,0,1,1,0,5,7,4.286,82.15
198218,1,0,0,0,0,1,1,5.0,100.0
76478,1,0,0,0,0,2,2,5.0,100.0
28594,1,0,0,0,1,3,4,4.75,93.75
34276,1,0,0,1,1,2,4,4.25,81.25
34237,1,0,0,0,1,3,4,4.75,93.75
31992,1,0,0,1,1,0,2,3.5,62.5
68481,1,0,0,0,0,4,4,5.0,100.0
33416,1,0,1,3,1,3,8,3.75,68.75
183996,1,0,0,0,2,1,3,4.333,83.325
182467,1,0,0,0,1,1,2,4.5,87.5
129905,1,1,0,0,0,2,3,3.667,66.675
40611,1,0,0,0,0,1,1,5.0,100.0
126105,1,0,0,0,0,1,1,5.0,100.0
18061,1,0,0,0,1,0,1,4.0,75.0
71990,1,0,0,0,1,2,3,4.667,91.675
130822,1,0,0,0,0,1,1,5.0,100.0
152093,1,0,0,0,0,1,1,5.0,100.0
76873,1,0,1,1,2,3,7,4.0,75.0
176999,1,0,0,0,0,1,1,5.0,100.0
150076,1,0,0,0,0,41,41,5.0,100.0
198213,1,0,0,0,1,0,1,4.0,75.0
135270,1,0,0,0,1,1,2,4.5,87.5
20721,1,0,0,0,2,6,8,4.75,93.75
60875,1,0,0,1,0,1,2,4.0,75.0
221816,1,0,0,0,0,1,1,5.0,100.0
218449,1,0,0,0,0,4,4,5.0,100.0
12392,1,0,0,0,0,2,2,5.0,100.0
174655,1,0,0,0,1,0,1,4.0,75.0
129915,1,0,0,0,0,1,1,5.0,100.0
13308,1,0,0,1,1,0,2,3.5,62.5
33055,1,0,0,0,0,1,1,5.0,100.0
182432,1,0,0,0,1,2,3,4.667,91.675
101256,1,0,0,0,0,1,1,5.0,100.0
2983,1,0,0,1,4,4,9,4.333,83.325
30578,1,0,0,1,0,4,5,4.6,90.0
7439,1,0,0,0,2,1,3,4.333,83.325
9282,1,0,0,0,4,2,6,4.333,83.325
12532,1,0,0,0,0,3,3,5.0,100.0
73027,1,0,0,0,0,2,2,5.0,100.0
129906,1,0,0,0,0,1,1,5.0,100.0
40206,1,0,0,0,1,1,2,4.5,87.5
18432,1,0,0,0,0,4,4,5.0,100.0
29154,1,0,0,0,0,2,2,5.0,100.0
35448,1,0,0,1,0,2,3,4.333,83.325
19973,1,0,1,0,3,2,6,4.0,75.0
232240,1,0,0,0,0,1,1,5.0,100.0
173582,1,0,0,0,0,3,3,5.0,100.0
24190,1,0,0,0,0,1,1,5.0,100.0
221096,1,0,0,0,1,0,1,4.0,75.0
14232,1,0,0,0,0,1,1,5.0,100.0
135267,1,0,0,3,0,0,3,3.0,50.0
68496,1,0,0,0,0,2,2,5.0,100.0
68497,1,0,0,0,0,2,2,5.0,100.0
39851,1,0,0,0,2,1,3,4.333,83.325
69307,1,0,0,0,1,3,4,4.75,93.75
7021,1,0,1,0,5,12,18,4.556,88.9
11969,1,0,0,0,1,1,2,4.5,87.5
234134,1,0,0,0,0,1,1,5.0,100.0
71615,1,1,0,0,0,0,1,1.0,0.0
125444,1,0,0,1,0,1,2,4.0,75.0
28371,1,0,0,1,0,1,2,4.0,75.0
176755,1,0,0,0,1,0,1,4.0,75.0
59462,1,0,0,0,2,0,2,4.0,75.0
59327,1,0,0,1,1,0,2,3.5,62.5
60633,1,0,0,0,1,4,5,4.8,95.0
135269,1,0,0,0,1,2,3,4.667,91.675
191377,1,0,0,0,0,2,2,5.0,100.0
159802,1,0,0,0,1,6,7,4.857,96.425
145091,1,0,0,0,0,7,7,5.0,100.0
214356,1,0,0,0,0,2,2,5.0,100.0
79505,1,0,0,0,0,8,8,5.0,100.0
214377,1,0,0,0,2,1,3,4.333,83.325
214366,1,0,0,0,1,1,2,4.5,87.5
243871,1,0,0,0,1,0,1,4.0,75.0
79652,1,0,0,0,0,2,2,5.0,100.0
176758,1,0,0,0,1,0,1,4.0,75.0
142324,1,0,0,0,0,1,1,5.0,100.0
40607,1,0,0,0,0,1,1,5.0,100.0
191274,1,0,0,0,0,1,1,5.0,100.0
219205,1,0,0,0,1,0,1,4.0,75.0
196354,1,0,0,0,1,0,1,4.0,75.0
12755,1,0,0,0,0,1,1,5.0,100.0
4500,1,0,0,0,0,1,1,5.0,100.0
