source_product_id,source,1star_count,2star_count,3star_count,4star_count,5star_count,total_count,average_5star,average_pct
ELRD96GN3WE3BCYP,1,0,0,1,1,1,3,4.0,75.0
ELRD96GNBBBDEHEZ,1,5,1,2,2,8,18,3.389,59.725
ELRD96GNDQZ9RGM2,1,1,0,0,2,0,3,3.0,50.0
ELRD96GNGFZCZANN,1,1,0,1,0,2,4,3.5,62.5
ELRD9N8XDU2ZGZCC,1,3,3,1,4,13,24,3.875,71.875
ELRD9N8XEHA83UU9,1,3,2,0,2,5,12,3.333,58.325
ELRD9N8XHDU9UUU6,1,110,35,83,25,80,333,2.79,44.75
ELRDAWTYETDNQQJ8,1,4,2,2,1,1,10,2.3,32.5
ELRDFQRBZQ2H6EHG,1,50,22,60,16,58,206,3.049,51.225
ELRDFRSER7DGT47F,1,3,0,1,1,1,6,2.5,37.5
ELRDJEXRH2K7FVJU,1,24,4,3,4,16,51,2.686,42.15
ELRDVGSZCGZWZFJF,1,10,0,2,0,4,16,2.25,31.25
ELRDY6ERAHHSFR68,1,6,3,2,4,13,28,3.536,63.4
ELRDYRGCUKCTCZCD,1,3,1,0,3,4,11,3.364,59.1
ELRE292ZT9MHHPFM,1,1,1,1,0,1,4,2.75,43.75
ELRE2GV3HWH68YSB,1,1,0,0,0,3,4,4.0,75.0
ELRE3FHHJYYGETGX,1,5,2,3,2,10,22,3.455,61.375
ELRE3H54JRHDFGWW,1,10,4,3,12,24,53,3.679,66.975
ELRE3JGGTEPVPNSW,1,3,0,2,3,6,14,3.643,66.075
ELRE4BDBBDBU3UBC,1,0,1,1,2,4,8,4.125,78.125
ELRE4BR5FD2ZVGSD,1,4,1,0,2,3,10,2.9,47.5
ELRE5FCYGGN6GF2Q,1,0,0,1,2,3,6,4.333,83.325
ELRE5GM8HMJGJXKU,1,4,1,4,6,13,28,3.821,70.525
ELRE5GZFTXFZVNQM,1,6,2,2,12,12,34,3.647,66.175
ELRE5HG6XZHXXMGW,1,8,2,1,2,1,14,2.0,25.0
ELRE5HYGHEEUHCVM,1,0,0,0,1,2,3,4.667,91.675
ELRE65WVKED7HMTB,1,1,0,1,2,1,5,3.4,60.0
ELRE6YVNFHGBMH8A,1,11,6,5,15,25,62,3.597,64.925
ELRE74H9B3FF22ZG,1,0,0,0,1,5,6,4.833,95.825
ELRE7FYTHGKBS6WM,1,1,0,1,1,1,4,3.25,56.25
ELRE7GTGW5QYYAYR,1,1,0,0,1,2,4,3.75,68.75
ELRE7SVEFZBB2KFM,1,9,5,9,18,21,62,3.597,64.925
ELRE8VSEETDPUYEW,1,0,0,0,2,2,4,4.5,87.5
ELRE955HEQZ7RHX6,1,0,0,0,0,4,4,5.0,100.0
ELRE9ZVQBD6MTBHY,1,1,0,2,3,3,9,3.778,69.45
ELRE9ZY5WBPEGSBT,1,10,2,1,1,2,16,1.938,23.45
ELREAG4DE8CPWFZG,1,4,0,1,1,3,9,2.889,47.225
ELREAHMTMMGVK45H,1,0,0,0,1,4,5,4.8,95.0
ELREAN42BJEGZH3Y,1,5,1,8,11,26,51,4.02,75.5
ELREANM6323HFX5A,1,10,2,1,3,7,23,2.783,44.575
ELREAZU5CHCVQYGV,1,1,0,0,0,0,1,1.0,0.0
ELREB56QH4T7EUNQ,1,7,3,5,9,19,43,3.698,67.45
ELREBFDW4JYTBCMH,1,2,0,1,1,2,6,3.167,54.175
ELREBFGHQFZF9RCS,1,0,1,0,1,0,2,3.0,50.0
ELREBHYYTMQBRBWF,1,2,1,0,1,1,5,2.6,40.0
ELREBPZ5MSHHTSDA,1,0,1,0,0,0,1,2.0,25.0
ELREBYMXEZKBXKAF,1,0,0,2,1,1,4,3.75,68.75
ELRECD9KJTHJS626,1,7,4,3,10,16,40,3.6,65.0
ELREDZHY53M4DXK4,1,4,1,2,2,11,20,3.75,68.75
ELREDZYSNFSMM6GJ,1,3,0,0,2,9,14,4.0,75.0
ELREE9B7PKHDMCZZ,1,1,0,0,4,2,7,3.857,71.425
ELREEDEGCHFMMWAX,1,4,1,3,4,7,19,3.474,61.85
ELREEH82G7QWGFAP,1,3,0,1,1,3,8,3.125,53.125
ELREEHHB37RYPNG6,1,1,2,2,9,4,18,3.722,68.05
ELREENEMKF9BFZ2G,1,0,0,1,2,2,5,4.2,80.0
ELREF7FPUEGJGTGQ,1,3,1,2,2,1,9,2.667,41.675
ELREF7MG2ZQYFBRA,1,0,1,0,1,0,2,3.0,50.0
ELREF7MGMKYWSRWY,1,1,0,1,0,1,3,3.0,50.0
ELREF7MGP4CZHGFZ,1,0,0,1,1,0,2,3.5,62.5
ELREFAS435J9EXHH,1,0,0,0,0,2,2,5.0,100.0
ELREFBFETY9YZY4T,1,15,9,3,9,21,57,3.211,55.275
ELREFBYEYCYEXMTT,1,2,0,1,0,1,4,2.5,37.5
ELREFD84FYYMGZT8,1,6,2,5,6,17,36,3.722,68.05
ELREFDTFHZXBA6TH,1,1,2,5,8,18,34,4.176,79.4
ELREFE2P5TH8MHZX,1,0,0,0,0,1,1,5.0,100.0
ELREFE2PZADZHGQG,1,5,0,0,0,2,7,2.143,28.575
ELREFE2ZC8XU8TZH,1,30,10,20,12,28,100,2.98,49.5
ELREFGPXD83UHMBW,1,5,0,7,4,9,25,3.48,62.0
ELREFN9E3SF5AHAR,1,53,29,64,21,50,217,2.935,48.375
ELREFN9EGXUVUT5Z,1,23,18,31,21,39,132,3.265,56.625
ELREFN9FH5ET3E4M,1,0,1,0,1,1,3,3.667,66.675
ELREFWW98HTTPHFQ,1,1,0,2,3,4,10,3.9,72.5
ELREFWW9VBVPYQJK,1,5,0,3,2,3,13,2.846,46.15
ELREFXZPRZRPZE82,1,1,0,0,0,1,2,3.0,50.0
ELREGDV8ZZTBBK9R,1,0,0,1,0,1,2,4.0,75.0
ELREGHDTF4WUQNA6,1,3,0,0,0,3,6,3.0,50.0
ELREGNFQFBR2SXGR,1,0,1,0,0,2,3,4.0,75.0
ELREGNRVFVFHVFTM,1,1,0,0,1,4,6,4.167,79.175
ELREGP3W2GZKK4HW,1,7,2,4,10,23,46,3.87,71.75
ELREGW3CVZSYFUZZ,1,3,1,3,10,11,28,3.893,72.325
ELREH537AASZA5ZZ,1,4,1,2,10,15,32,3.969,74.225
ELREH6N6UG3W3WSE,1,2,0,0,0,5,7,3.857,71.425
ELREHK4TWBNYHS7S,1,10,1,3,6,17,37,3.514,62.85
ELREHVWEHRHZ687D,1,2,0,0,1,2,5,3.2,55.0
ELREJ4MBKKJVGHQJ,1,9,7,13,13,15,57,3.316,57.9
ELREJCDB6HC7RSSQ,1,2,0,0,1,4,7,3.714,67.85
ELREJJCB8ZCYFUTC,1,25,2,17,18,36,98,3.388,59.7
ELREK34AZWZ2D2HN,1,8,2,7,14,18,49,3.653,66.325
ELREKU7NHEGCNY2K,1,4,2,0,0,0,6,1.333,8.325
ELREKYPACHHZBHAT,1,2,0,0,1,0,3,2.0,25.0
ELREM2D86QRYHR4W,1,17,2,7,11,14,51,3.059,51.475
ELREM6V4K7S7FFEE,1,1,0,3,2,4,10,3.8,70.0
ELREMUESCCHSQBGP,1,12,3,9,9,18,51,3.353,58.825
ELREY2FKUAAYKEDY,1,9,7,10,16,22,64,3.547,63.675
ELREYGVRCHRWUTHN,1,0,1,1,0,1,3,3.333,58.325
ESDD96FECZDYCX89,1,1,0,0,0,1,2,3.0,50.0
ESDD96FET2NSGRJR,1,0,0,6,8,10,24,4.167,79.175
ESDDAWTPYJKM7GH3,1,2,0,2,1,0,5,2.4,35.0
ESDDQSZW7CZHY3DY,1,0,0,0,4,2,6,4.333,83.325
ESDDYHCTDJTDBJTQ,1,1,0,0,0,0,1,1.0,0.0
ESDE2UYYSPWMSZU2,1,0,1,0,0,1,2,3.5,62.5
ESDE526RZZKAW8QB,1,2,1,1,1,7,12,3.833,70.825
ESDE5MFDACSHDEHR,1,13,2,2,4,7,28,2.643,41.075
ESDE6GFTRMCZXJHV,1,1,0,0,0,2,3,3.667,66.675
ESDE6P4HHZYMGSUY,1,0,0,0,2,3,5,4.6,90.0
ESDE6TJUPDRX78YZ,1,0,0,1,2,5,8,4.5,87.5
ESDE6VTRVWHSSGFX,1,0,0,1,2,0,3,3.667,66.675
ESDE6VTRXGFWVHGD,1,0,0,0,1,1,2,4.5,87.5
ESDE8ZGJVJQEJAFW,1,4,3,2,19,25,53,4.094,77.35
ESDEAEHFA3XERZHF,1,1,0,0,0,1,2,3.0,50.0
ESDEAMHPSMPVSP4J,1,1,0,0,0,0,1,1.0,0.0
ESDEBHBJ2WQJKXZU,1,1,1,1,5,10,18,4.222,80.55
ESDECH27HYGZSTY8,1,5,2,1,3,6,17,3.176,54.4
ESDEE9HF7FWRGCKH,1,0,0,1,5,2,8,4.125,78.125
ESDEGG42VTP9G9HN,1,0,0,0,1,1,2,4.5,87.5
ESDEGGQ4TTHSSPV2,1,1,1,0,1,1,4,3.0,50.0
ESDEHK52W2J86AZC,1,10,4,8,12,19,53,3.491,62.275
ESDEKTTC85Y6ZTYQ,1,10,1,16,17,24,68,3.647,66.175
KJLD96JH4PEKQEXA,1,11,2,3,4,7,27,2.778,44.45
KJLD96JH8PNZZYWU,1,2,1,0,1,0,4,2.0,25.0
KJLD96JHVMTKUAWB,1,6,3,6,8,17,40,3.675,66.875
KJLD96JHZRXJWPED,1,20,11,14,21,44,110,3.527,63.175
KJLD9N9FJM2WCRFN,1,1,1,2,1,4,9,3.667,66.675
KJLDADR2RVFGEFY4,1,88,32,44,27,49,240,2.654,41.35
KJLDAWUN54UUHDYG,1,0,1,2,3,0,6,3.333,58.325
KJLDCPSA9YCEHE9D,1,4,0,1,0,4,9,3.0,50.0
KJLDP2BTRVZYHGZE,1,7,3,3,2,10,25,3.2,55.0
KJLDQX983DGXDFG8,1,64,26,28,17,47,182,2.764,44.1
KJLDREHHDNEGQGFW,1,3,1,1,6,5,16,3.563,64.075
KJLDRG34G6PRGGUU,1,76,31,49,26,74,256,2.965,49.125
KJLDU84SJ4SYGKZ2,1,6,0,2,0,5,13,2.846,46.15
KJLDVFHAFN7GNU6B,1,26,6,6,28,33,99,3.364,59.1
KJLDY8HBZQNYZZNT,1,10,4,4,10,24,52,3.654,66.35
KJLDYR464WH68GNY,1,7,1,2,3,8,21,3.19,54.75
KJLDZY7J5KBFZBRR,1,0,0,0,1,2,3,4.667,91.675
KJLE292Z7JKP6BER,1,3,1,1,1,1,7,2.429,35.725
KJLE2DAJUF7KADCQ,1,110,31,60,16,60,277,2.585,39.625
KJLE2EMYDDUKVC8X,1,1,0,0,0,0,1,1.0,0.0
KJLE4MNQBSFQVXKS,1,24,7,3,4,15,53,2.604,40.1
KJLE524QHPT4ZJS7,1,18,4,3,9,23,57,3.263,56.575
KJLE56GAZZMB6DN7,1,23,4,8,7,21,63,2.984,49.6
KJLE5QUGXZDTAC2G,1,2,0,1,4,5,12,3.833,70.825
KJLE6SR4V7GNHBEH,1,6,2,2,4,6,20,3.1,52.5
KJLE74UERWNQHMZD,1,0,0,0,1,2,3,4.667,91.675
KJLE7NK9YRHZ7WFR,1,4,2,0,2,6,14,3.286,57.15
KJLE8KXYKXAB2FAY,1,9,2,11,13,29,64,3.797,69.925
KJLE9ZY5NTWHRWBX,1,5,0,0,1,2,8,2.375,34.375
KJLEAEH4HYGW9UJX,1,20,2,3,5,4,34,2.147,28.675
KJLEAFF7GUHMQMWD,1,39,7,10,15,36,107,3.019,50.475
KJLEARCDRMG6C8JX,1,1,0,0,0,0,1,1.0,0.0
KJLEAWAKZQ8WCA87,1,0,0,1,0,0,1,3.0,50.0
KJLEBFYYVWQRM38Z,1,7,4,4,3,3,21,2.571,39.275
KJLEBZCDUY2MYHGE,1,47,11,11,14,24,107,2.598,39.95
KJLEC88G56FHUYRG,1,23,6,17,16,42,104,3.462,61.55
KJLEDQQ65MWSDWQG,1,36,4,4,17,35,96,3.115,52.875
KJLEE5UHAPEWHHZA,1,21,1,2,0,6,30,1.967,24.175
KJLEE5V3GQZRJWZA,1,2,0,0,0,0,2,1.0,0.0
KJLEEJZ3RVXHEYGK,1,15,0,0,7,9,31,2.839,45.975
KJLEEZH3Z2CYJGW7,1,11,5,9,12,28,65,3.631,65.775
KJLEFBHCJGYAAR3J,1,1,0,2,0,2,5,3.4,60.0
KJLEFDT2M77BTHFY,1,7,3,3,8,3,24,2.875,46.875
KJLEFRP4GYZFJJD8,1,3,2,2,1,3,11,2.909,47.725
KJLEFY9JFMPQ4SMU,1,3,2,0,4,6,15,3.533,63.325
KJLEG445EANMZQRU,1,19,2,0,1,1,23,1.391,9.775
KJLEG7PWVJ65BXCA,1,24,5,8,6,17,60,2.783,44.575
KJLEG8AU2VCFXYTU,1,22,1,0,1,3,27,1.593,14.825
KJLEG8AW7NT2JZYU,1,17,4,1,1,4,27,1.926,23.15
KJLEGE5SFMRMGCYQ,1,19,0,0,2,2,23,1.609,15.225
KJLEGQEAFFWA6D4H,1,1,1,0,4,7,13,4.154,78.85
KJLEGSFBB5QHYGZQ,1,23,0,1,1,3,28,1.607,15.175
KJLEGZBPYUHWWAVE,1,3,2,0,1,0,6,1.833,20.825
KJLEGZVRD9Q8Q5TY,1,76,20,41,19,61,217,2.857,46.425
KJLEHGRG8326XPG8,1,22,4,2,4,8,40,2.3,32.5
KJLEHHVGJQZTJGFV,1,9,0,1,1,4,15,2.4,35.0
KJLEHMKXXNSHZE8Z,1,3,0,0,0,4,7,3.286,57.15
KJLEHQ422PH93ZVH,1,6,3,4,17,16,46,3.739,68.475
KJLEHT8P4SYVX7ZB,1,23,0,0,0,4,27,1.593,14.825
KJLEHTHYZEVRMTAH,1,19,8,3,3,6,39,2.205,30.125
KJLEHWM3HFZ53VPD,1,41,8,8,7,7,71,2.028,25.7
KJLEHWN23YE6T5ZA,1,12,1,0,0,1,14,1.357,8.925
KJLEHYRUGWZFCREK,1,0,1,0,0,1,2,3.5,62.5
KJLEJAHCZ6FEZ8K4,1,10,6,9,9,14,48,3.229,55.725
KJLEJR2AFAHT8WZ3,1,10,0,5,10,19,44,3.636,65.9
KJLEK5V97DJTURR9,1,13,7,17,20,28,85,3.506,62.65
KJLEKHE3FTKJ8GVK,1,0,0,0,1,0,1,4.0,75.0
KJLEKHE3MDTWHQEU,1,0,0,1,0,0,1,3.0,50.0
MCRD96JBWPXDY93Z,1,18,5,14,13,27,77,3.338,58.45
MCRD96JBZGEUGGEU,1,2,0,0,3,1,6,3.167,54.175
MCRD9N8QHUQGED5C,1,4,1,6,13,19,43,3.977,74.425
MCRDAH3TSMY7Z5TR,1,8,4,7,4,19,42,3.524,63.1
MCRDAH3TWGQFGYAH,1,5,1,6,6,14,32,3.719,67.975
MCRDAWUJGNZJNYSA,1,4,2,1,0,1,8,2.0,25.0
MCRDCPTHQFVXYREC,1,4,1,0,1,7,13,3.462,61.55
MCRDE69CZZACKY4F,1,25,6,20,13,20,84,2.964,49.1
MCRDFNM4CFGH27UH,1,5,2,2,5,19,33,3.939,73.475
MCRE2PJ7JGWYFXGW,1,2,1,2,1,2,8,3.0,50.0
MCRE6WB2BA93XJWC,1,4,0,1,3,4,12,3.25,56.25
MCRE6WB2UG7XX42V,1,1,0,2,1,2,6,3.5,62.5
MCREDP7DYSR4CZYM,1,1,0,1,1,1,4,3.25,56.25
MCREE5SZCAACVXJE,1,2,0,0,0,1,3,2.333,33.325
MCREE9CQGPHG3MUX,1,3,0,0,0,1,4,2.0,25.0
MCREF7MGH6EUZWPB,1,5,1,2,1,2,11,2.455,36.375
MCREHKWH2FXDHHRG,1,8,0,4,10,11,33,3.485,62.125
MCREJPU62YFDYEH6,1,3,0,1,1,4,9,3.333,58.325
B0006LNC2G,1,4,1,1,2,2,10,2.7,42.5
B0015UPN5Q,1,17,1,2,3,11,34,2.706,42.65
B002Q67HRK,1,0,0,0,1,0,1,4.0,75.0
B002S8Z642,1,0,0,0,2,2,4,4.5,87.5
B0044WOFQK,1,15,4,8,11,32,70,3.586,64.65
B004DIUX16,1,0,1,1,1,1,4,3.5,62.5
B0050NUKQG,1,1,1,0,0,0,2,1.5,12.5
B005DP1YDE,1,1,0,1,4,8,14,4.286,82.15
B005JATI1S,1,0,1,1,2,1,5,3.6,65.0
B005LSZF0Q,1,0,0,0,1,0,1,4.0,75.0
B005QJ83OK,1,23,3,4,7,16,53,2.811,45.275
B006LX8GEC,1,305,79,65,95,135,679,2.523,38.075
B006LX8H6O,1,145,38,49,69,132,433,3.012,50.3
B006LXBFUO,1,1,0,1,2,1,5,3.4,60.0
B006LXBG8K,1,22,5,12,11,14,64,2.844,46.1
B006LXBJAU,1,0,0,0,3,5,8,4.625,90.625
B006LXBSYM,1,264,83,134,243,488,1212,3.502,62.55
B007448HKK,1,3,2,2,0,1,8,2.25,31.25
B0077HAPBI,1,9,4,3,6,15,37,3.378,59.45
B0078207LU,1,1,1,0,0,0,2,1.5,12.5
B00791CZXI,1,47,18,28,46,116,255,3.651,66.275
B0079Z0AMM,1,80,30,44,93,180,427,3.616,65.4
B0079Z44F6,1,3,1,3,9,10,26,3.846,71.15
B0079Z5URW,1,5,3,9,13,56,86,4.302,82.55
B0079Z7GH4,1,31,9,17,19,22,98,2.918,47.95
B007AS4X2G,1,0,0,0,1,1,2,4.5,87.5
B007OWU4QW,1,45,8,13,45,72,183,3.497,62.425
B0084A5N0A,1,1,1,0,0,2,4,3.25,56.25
B008EADV5E,1,0,0,0,0,2,2,5.0,100.0
B008KH2VU2,1,109,37,46,113,212,517,3.545,63.625
B008KH3TB2,1,29,6,16,20,53,124,3.5,62.5
B008KH5258,1,8,5,9,33,39,94,3.957,73.925
B00932C9BY,1,9,1,2,10,8,30,3.233,55.825
B009NQS3HY,1,143,30,50,152,229,604,3.487,62.175
B009WI34IQ,1,0,0,0,0,1,1,5.0,100.0
B00B2YHXRG,1,0,0,1,0,0,1,3.0,50.0
B00BSCZMS4,1,2,0,0,3,1,6,3.167,54.175
B00CP3GEFK,1,11,7,9,24,31,82,3.695,67.375
B00CP3GF2M,1,4,0,2,3,6,15,3.467,61.675
B00CWAJET4,1,38,4,1,3,9,55,1.927,23.175
B00CWZOYK8,1,0,1,0,1,1,3,3.667,66.675
B00D161UJA,1,3,1,1,3,4,12,3.333,58.325
B00D161WOI,1,44,22,37,119,191,413,3.947,73.675
B00D162328,1,35,7,31,62,152,287,4.007,75.175
B00D2XGT8Y,1,40,14,21,45,82,202,3.569,64.225
B00EVMJEVE,1,1,1,0,0,0,2,1.5,12.5
B00FJWRESU,1,11,3,6,11,13,44,3.273,56.825
B00FJWRHCI,1,2,0,0,0,2,4,3.0,50.0
B00GSUCEJ6,1,1,0,3,0,4,8,3.75,68.75
B00GTB5Y1Y,1,1,0,0,0,0,1,1.0,0.0
B00HU31KJ0,1,1,1,2,2,1,7,3.143,53.575
B00HVVVPWS,1,3,0,0,1,1,5,2.4,35.0
B00HVVXK08,1,21,13,21,25,45,125,3.48,62.0
B00HWR1PQC,1,0,0,0,1,3,4,4.75,93.75
B00INSQE06,1,2,1,1,0,1,5,2.4,35.0
B00INSZBAU,1,1,0,0,1,1,3,3.333,58.325
B00INT6N8S,1,9,3,2,4,5,23,2.696,42.4
B00IXHIDRY,1,20,5,5,3,9,42,2.429,35.725
B00JEK106A,1,4,0,0,0,3,7,2.714,42.85
B00JLD6ZZQ,1,1,1,2,0,1,5,2.8,45.0
B00JOET2TS,1,3,2,1,0,2,8,2.5,37.5
B00JT97HSQ,1,2,0,1,0,0,3,1.667,16.675
B00KLXZAGK,1,0,0,0,1,0,1,4.0,75.0
B00KU0EDNA,1,12,0,2,5,9,28,2.964,49.1
B00KXX7A16,1,0,1,1,0,5,7,4.286,82.15
B00L2TDZ14,1,1,0,0,0,0,1,1.0,0.0
B00MDD87J8,1,2,0,0,0,0,2,1.0,0.0
B00MM4H3Q6,1,7,5,3,2,8,25,2.96,49.0
B00MR4X7O8,1,0,0,1,1,1,3,4.0,75.0
B00NC0LVXU,1,2,2,0,0,2,6,2.667,41.675
B00NM6STRU,1,3,0,0,0,2,5,2.6,40.0
B00ONTSDNU,1,1,0,0,0,0,1,1.0,0.0
B00OTMBTKK,1,2,0,0,1,0,3,2.0,25.0
B00PFCTVDU,1,1,0,0,0,0,1,1.0,0.0
B00PQO61IU,1,0,0,1,0,1,2,4.0,75.0
B00QPT54T2,1,0,0,0,4,3,7,4.429,85.725
B00QQU0HF6,1,11,4,10,20,39,84,3.857,71.425
B00RHX42RK,1,5,2,1,3,3,14,2.786,44.65
B00S4R5RGI,1,143,62,78,156,228,667,3.396,59.9
B00S6CXF38,1,71,18,58,129,204,480,3.785,69.625
B00SEFC7QS,1,2,0,0,0,0,2,1.0,0.0
B00SFJIIMA,1,6,2,7,18,13,46,3.652,66.3
B00SFUYIZK,1,1,0,0,1,0,2,2.5,37.5
B00SIINZ5S,1,68,13,39,65,155,340,3.665,66.625
B00VE1HM0A,1,3,0,1,0,0,4,1.5,12.5
B00VLPZ0FS,1,17,4,17,39,56,133,3.85,71.25
B00W6MA0G4,1,10,5,7,9,8,39,3.0,50.0
B00WQAWD52,1,0,1,0,0,0,1,2.0,25.0
B00WWCEK3W,1,12,0,3,5,7,27,2.815,45.375
B00XPYUBPC,1,3,0,2,1,1,7,2.571,39.275
B00XYEL17A,1,2,0,1,0,1,4,2.5,37.5
B00Y53N8S4,1,20,1,4,8,13,46,2.848,46.2
B00YNLWY6K,1,1,1,1,2,0,5,2.8,45.0
B00YSBV4D4,1,6,1,2,16,41,66,4.288,82.2
B010D73KGK,1,11,7,5,15,23,61,3.525,63.125
B010FQJPTA,1,2,0,0,2,1,5,3.0,50.0
B010M5M622,1,3,2,1,1,2,9,2.667,41.675
B014WD5SWA,1,2,0,0,2,0,4,2.5,37.5
B015ZV3K8C,1,0,1,1,2,0,4,3.25,56.25
B0161MF3YI,1,2,1,1,1,1,6,2.667,41.675
B016C1EZQU,1,3,0,0,0,0,3,1.0,0.0
B016UARSKI,1,9,3,6,9,19,46,3.565,64.125
B017GXV71Y,1,16,2,7,21,79,125,4.16,79.0
B017YSLMZ2,1,1,1,3,0,4,9,3.556,63.9
B017YXFMU8,1,47,1,4,2,3,57,1.474,11.85
B018KFNYT0,1,0,3,0,0,4,7,3.714,67.85
B018U6EZLA,1,2,3,4,7,16,32,4.0,75.0
B018VD2NOS,1,87,22,6,10,7,132,1.697,17.425
B018X9TQCC,1,1,0,0,1,1,3,3.333,58.325
B019F221CI,1,1,1,0,1,2,5,3.4,60.0
B019H8C846,1,1,0,0,0,0,1,1.0,0.0
B01AF1HM2M,1,7,2,13,11,34,67,3.94,73.5
B01ANHEHCQ,1,0,1,1,1,5,8,4.25,81.25
B01BKCSLB6,1,5,2,2,9,14,32,3.781,69.525
B01CGEKYFS,1,7,3,4,5,10,29,3.276,56.9
B01CJUUKJY,1,2,1,0,3,3,9,3.444,61.1
B01CJW4X54,1,6,0,1,1,0,8,1.625,15.625
B01CJWKAEM,1,1,0,0,0,0,1,1.0,0.0
B01DNTKUQS,1,28,8,15,23,72,146,3.705,67.625
B01DYDAOZ0,1,4,0,1,1,2,8,2.625,40.625
B01E5J90BQ,1,7,2,3,10,12,34,3.529,63.225
B01EHNVOQY,1,1,0,1,1,3,6,3.833,70.825
B01FE59U3I,1,0,0,2,0,5,7,4.429,85.725
B01FE5W8PA,1,0,1,1,0,0,2,2.5,37.5
B01G3KC6YI,1,5,1,1,0,0,7,1.429,10.725
B01G5YAI0Q,1,1,0,0,1,2,4,3.75,68.75
B01G5YAJ00,1,1,1,0,1,4,7,3.857,71.425
B01GEBBUXE,1,1,1,0,0,0,2,1.5,12.5
B01GEBDOUQ,1,1,0,0,0,0,1,1.0,0.0
B01GFQOLPW,1,1,0,1,0,1,3,3.0,50.0
B01H3P7DMC,1,2,1,1,1,4,9,3.444,61.1
B01H3QJJNW,1,16,6,11,34,43,110,3.745,68.625
B01HRFLHZC,1,3,0,0,0,1,4,2.0,25.0
B01K1TQJCW,1,2,0,1,0,6,9,3.889,72.225
B01KHOKSL4,1,2,2,2,1,7,14,3.643,66.075
B01LNT7T0A,1,4,2,4,2,3,15,2.867,46.675
B01LNT83KK,1,43,22,42,106,271,484,4.116,77.9
B01M02U7D5,1,4,0,1,6,11,22,3.909,72.725
B01M4MLYCF,1,2,2,0,4,6,14,3.714,67.85
266325717,1,0,0,1,2,4,7,4.429,85.725
645311850469,1,0,0,0,3,5,8,4.625,90.625
208874,1,0,0,0,1,4,5,4.8,95.0
1976458481,1,0,0,0,1,3,4,4.75,93.75
1754218626,1,0,1,0,1,0,2,3.0,50.0
261806250,1,0,0,0,0,1,1,5.0,100.0
948344342,1,2,0,0,1,1,4,2.75,43.75
1168295109,1,0,0,0,2,0,2,4.0,75.0
1152265349,1,3,1,19,40,102,165,4.436,85.9
651368589308,1,0,0,1,1,0,2,3.5,62.5
638074749084,1,0,0,1,0,0,1,3.0,50.0
98143210,1,1,0,1,9,17,28,4.464,86.6
624411367773,1,0,0,3,2,10,15,4.467,86.675
672230324048,1,0,0,1,5,11,17,4.588,89.7
602353087,1,1,1,5,4,19,30,4.3,82.5
1425994229,1,4,3,15,101,247,370,4.578,89.45
426047,1,4,2,2,29,137,174,4.684,92.1
645985382435,1,3,1,5,9,18,36,4.056,76.4
630926984978,1,1,0,3,17,41,62,4.565,89.125
42588,1,5,1,9,64,145,224,4.531,88.275
1285270121,1,6,1,4,15,79,105,4.524,88.1
674574400455,1,1,0,0,6,22,29,4.655,91.375
645058595421,1,4,0,2,5,8,19,3.684,67.1
1509601943,1,0,0,0,2,1,3,4.333,83.325
1436999367,1,0,0,1,0,1,2,4.0,75.0
1788618333,1,0,0,0,2,4,6,4.667,91.675
1808911429,1,1,0,2,4,9,16,4.25,81.25
654486689046,1,0,0,0,0,1,1,5.0,100.0
677721270670,1,1,0,0,1,4,6,4.167,79.175
1083405119,1,1,0,0,0,3,4,4.0,75.0
632594087778,1,0,0,0,0,1,1,5.0,100.0
683679674988,1,1,1,0,2,5,9,4.0,75.0
648082547937,1,3,1,1,0,0,5,1.6,15.0
677049734273,1,0,0,1,1,0,2,3.5,62.5
661275816106,1,0,0,1,10,19,30,4.6,90.0
643841921006,1,0,0,0,0,1,1,5.0,100.0
651847823596,1,0,0,0,1,0,1,4.0,75.0
1351072,1,0,0,0,2,4,6,4.667,91.675
1351143,1,0,1,0,0,0,1,2.0,25.0
1351107,1,0,0,1,1,0,2,3.5,62.5
664049875200,1,0,0,0,1,2,3,4.667,91.675
1463781,1,1,0,2,0,0,3,2.333,33.325
1032125616,1,0,1,0,0,5,6,4.5,87.5
675328089967,1,1,0,1,2,16,20,4.6,90.0
535235531,1,7,0,2,14,28,51,4.098,77.45
677019119829,1,3,0,3,1,3,10,3.1,52.5
799600135,1,0,0,2,2,4,8,4.25,81.25
2095561281,1,2,0,5,20,46,73,4.479,86.975
1894772070,1,2,0,0,1,1,4,2.75,43.75
647921283564,1,0,0,0,0,1,1,5.0,100.0
686709603541,1,0,0,0,4,15,19,4.789,94.725
642336487902,1,0,0,0,0,3,3,5.0,100.0
25762,1,1,4,1,12,46,64,4.531,88.275
8997,1,22,24,81,475,1127,1729,4.539,88.475
6812,1,8,9,33,119,234,403,4.395,84.875
61750,1,0,3,2,12,10,27,4.074,76.85
173718,1,0,0,0,0,8,8,5.0,100.0
5607,1,1,3,4,45,91,144,4.542,88.55
24714,1,2,10,24,95,154,285,4.365,84.125
137651,1,1,0,0,1,2,4,3.75,68.75
16480,1,3,5,8,50,95,161,4.422,85.55
190686,1,0,0,0,0,1,1,5.0,100.0
224952,1,0,0,0,4,14,18,4.778,94.45
216415,1,0,1,4,4,8,17,4.118,77.95
102260,1,1,3,1,7,18,30,4.267,81.675
18430,1,1,10,35,172,324,542,4.491,87.275
809,1,11,19,70,424,560,1084,4.387,84.675
40862,1,7,16,60,333,610,1026,4.484,87.1
220214,1,0,1,2,4,30,37,4.703,92.575
73011,1,6,9,29,175,467,686,4.586,89.65
108957,1,3,4,22,94,147,270,4.4,85.0
220094,1,3,5,10,21,30,69,4.014,75.35
220217,1,0,0,0,6,17,23,4.739,93.475
112646,1,6,5,23,78,163,275,4.407,85.175
158447,1,1,0,1,35,74,111,4.631,90.775
8951,1,27,35,58,163,146,429,3.853,71.325
25717,1,18,33,79,209,330,669,4.196,79.9
119776,1,1,2,21,104,181,309,4.495,87.375
216412,1,0,3,5,10,16,34,4.147,78.675
19750,1,9,23,61,258,537,888,4.454,86.35
985,1,10,15,53,211,296,585,4.313,82.825
158798,1,1,2,7,17,52,79,4.481,87.025
92040,1,3,3,23,114,296,439,4.588,89.7
61723,1,3,3,10,27,26,69,4.014,75.35
6490,1,1,11,23,134,219,388,4.441,86.025
60995,1,0,0,7,41,114,162,4.66,91.5
216421,1,0,1,3,17,20,41,4.366,84.15
13774,1,3,4,26,169,329,531,4.539,88.475
33428,1,3,3,13,27,28,74,4.0,75.0
980,1,29,29,39,100,114,311,3.775,69.375
12217,1,3,4,13,66,131,217,4.465,86.625
14951,1,4,7,16,87,106,220,4.291,82.275
1290,1,17,19,32,81,66,215,3.744,68.6
216398,1,0,0,1,1,20,22,4.864,96.6
21888,1,1,5,12,41,123,182,4.538,88.45
81753,1,4,6,18,91,178,297,4.458,86.45
61688,1,9,7,26,35,39,116,3.759,68.975
125339,1,0,2,2,11,15,30,4.3,82.5
138067,1,0,0,2,4,8,14,4.429,85.725
61774,1,0,2,3,5,10,20,4.15,78.75
214967,1,0,0,2,3,3,8,4.125,78.125
33421,1,10,9,13,31,21,84,3.524,63.1
33397,1,11,7,16,66,180,280,4.418,85.45
24690,1,2,0,4,40,70,116,4.517,87.925
216716,1,0,0,0,2,2,4,4.5,87.5
40041,1,1,5,4,25,46,81,4.358,83.95
36396,1,10,7,14,34,75,140,4.121,78.025
11836,1,1,6,8,23,61,99,4.384,84.6
61735,1,4,1,2,6,10,23,3.739,68.475
31050,1,102,29,21,32,29,213,2.329,33.225
91016,1,0,2,8,9,33,52,4.404,85.1
113571,1,2,3,15,16,24,60,3.95,73.75
216630,1,0,2,4,12,44,62,4.581,89.525
113546,1,0,1,6,25,43,75,4.467,86.675
4942,1,1,1,7,79,145,233,4.571,89.275
1812,1,6,5,9,61,118,199,4.407,85.175
2316,1,19,10,5,20,29,83,3.361,59.025
34039,1,3,6,12,60,142,223,4.489,87.225
156490,1,0,0,1,5,4,10,4.3,82.5
91120,1,0,0,0,1,14,15,4.933,98.325
61741,1,1,0,1,4,10,16,4.375,84.375
182839,1,0,0,1,3,8,12,4.583,89.575
13721,1,4,6,11,31,21,73,3.808,70.2
176836,1,0,0,0,3,1,4,4.25,81.25
26657,1,0,0,0,0,7,7,5.0,100.0
61794,1,0,3,6,14,5,28,3.75,68.75
140019,1,0,0,1,14,41,56,4.714,92.85
91098,1,1,1,2,5,17,26,4.385,84.625
152409,1,0,1,4,5,10,20,4.2,80.0
19194,1,3,7,27,66,70,173,4.116,77.9
68527,1,0,0,3,15,34,52,4.596,89.9
76415,1,2,2,7,28,40,79,4.291,82.275
3011,1,7,7,9,22,19,64,3.609,65.225
87314,1,1,2,2,2,0,7,2.714,42.85
71325,1,2,3,15,57,94,171,4.392,84.8
27115,1,8,13,21,23,21,86,3.419,60.475
40887,1,4,2,9,9,5,29,3.31,57.75
125337,1,1,0,3,7,16,27,4.37,84.25
29347,1,4,5,10,20,19,58,3.776,69.4
158753,1,0,1,0,7,21,29,4.655,91.375
998,1,3,3,13,79,170,268,4.53,88.25
200769,1,0,0,0,3,4,7,4.571,89.275
68535,1,6,3,6,31,58,104,4.269,81.725
27103,1,4,3,15,60,113,195,4.41,85.25
981,1,3,7,33,50,49,142,3.951,73.775
82299,1,0,0,0,4,12,16,4.75,93.75
171276,1,0,0,4,5,18,27,4.519,87.975
77468,1,0,1,1,3,11,16,4.5,87.5
108480,1,2,0,4,8,8,22,3.909,72.725
173694,1,1,0,0,3,9,13,4.462,86.55
38598,1,0,0,0,4,54,58,4.931,98.275
87308,1,0,0,1,12,19,32,4.563,89.075
66535,1,1,1,5,12,61,80,4.638,90.95
173709,1,0,0,0,0,3,3,5.0,100.0
32567,1,0,1,1,6,30,38,4.711,92.775
54982,1,3,10,13,26,44,96,4.021,75.525
25053,1,1,3,2,27,60,93,4.527,88.175
38064,1,0,1,0,0,6,7,4.571,89.275
216424,1,2,0,0,1,7,10,4.1,77.5
101233,1,0,1,1,13,17,32,4.438,85.95
3010,1,2,2,7,17,26,54,4.167,79.175
61767,1,0,0,3,3,12,18,4.5,87.5
24636,1,1,0,6,15,21,43,4.279,81.975
70525,1,0,1,13,9,11,34,3.882,72.05
136942,1,1,6,3,13,47,70,4.414,85.35
9471,1,2,5,8,23,30,68,4.088,77.2
223919,1,0,0,1,1,4,6,4.5,87.5
1300,1,10,11,15,59,75,170,4.047,76.175
6085,1,11,10,25,23,22,91,3.385,59.625
131542,1,0,1,2,8,31,42,4.643,91.075
113536,1,1,1,2,13,8,25,4.04,76.0
9680,1,5,14,29,73,85,206,4.063,76.575
25246,1,4,0,5,19,22,50,4.1,77.5
216427,1,1,1,1,1,2,6,3.333,58.325
14410,1,1,1,5,5,11,23,4.043,76.075
88522,1,0,0,1,8,16,25,4.6,90.0
115557,1,1,8,5,0,4,18,2.889,47.225
62646,1,0,3,1,7,30,41,4.561,89.025
61706,1,0,0,1,8,15,24,4.583,89.575
1797,1,3,4,10,30,25,72,3.972,74.3
73148,1,0,1,4,13,27,45,4.467,86.675
28708,1,0,0,2,10,36,48,4.708,92.7
34711,1,11,4,7,20,29,71,3.732,68.3
129975,1,0,1,0,16,78,95,4.8,95.0
41893,1,0,0,1,8,17,26,4.615,90.375
216433,1,0,1,0,0,6,7,4.571,89.275
91217,1,0,0,0,0,6,6,5.0,100.0
40891,1,4,0,5,22,29,60,4.2,80.0
41906,1,2,1,7,11,10,31,3.839,70.975
41528,1,5,3,11,33,62,114,4.263,81.575
92041,1,0,2,2,10,24,38,4.474,86.85
41895,1,2,1,2,9,3,17,3.588,64.7
216439,1,0,0,2,2,0,4,3.5,62.5
65911,1,0,2,2,17,26,47,4.426,85.65
61707,1,0,1,0,3,2,6,4.0,75.0
90880,1,0,1,1,3,11,16,4.5,87.5
165870,1,0,0,3,2,3,8,4.0,75.0
152804,1,1,1,1,3,12,18,4.333,83.325
41890,1,1,0,4,19,46,70,4.557,88.925
30591,1,1,3,4,6,11,25,3.92,73.0
30489,1,3,2,4,3,3,15,3.067,51.675
51061,1,0,1,1,4,8,14,4.357,83.925
30485,1,0,0,0,3,14,17,4.824,95.6
30488,1,1,1,0,0,0,2,1.5,12.5
27116,1,3,3,9,9,17,41,3.829,70.725
37449,1,0,1,0,2,3,6,4.167,79.175
65279,1,0,1,2,8,20,31,4.516,87.9
67063,1,1,0,1,4,5,11,4.091,77.275
27839,1,1,1,3,15,18,38,4.263,81.575
11907,1,0,0,3,7,0,10,3.7,67.5
6060,1,1,2,4,12,25,44,4.318,82.95
37928,1,1,0,2,5,8,16,4.188,79.7
27850,1,1,1,1,1,4,8,3.75,68.75
18961,1,0,1,2,6,7,16,4.188,79.7
18782,1,4,4,13,21,14,56,3.661,66.525
18789,1,3,5,5,14,10,37,3.622,65.55
18584,1,1,2,2,8,7,20,3.9,72.5
19005,1,3,1,13,40,45,102,4.206,80.15
18995,1,0,0,3,4,7,14,4.286,82.15
41066,1,1,0,0,1,0,2,2.5,37.5
18999,1,0,0,1,2,1,4,4.0,75.0
18528,1,2,2,0,2,8,14,3.857,71.425
18539,1,0,0,1,4,1,6,4.0,75.0
33229,1,1,1,0,0,0,2,1.5,12.5
23676,1,0,1,0,1,0,2,3.0,50.0
59307,1,2,1,0,2,2,7,3.143,53.575
33227,1,1,0,1,0,2,4,3.5,62.5
23725,1,0,0,2,0,2,4,4.0,75.0
66466,1,0,0,3,3,5,11,4.182,79.55
18561,1,1,1,0,1,0,3,2.333,33.325
30755,1,0,0,0,2,7,9,4.778,94.45
784,1,0,0,0,1,2,3,4.667,91.675
771,1,1,2,4,14,14,35,4.086,77.15
33367,1,1,0,0,7,11,19,4.421,85.525
28704,1,2,2,6,17,12,39,3.897,72.425
20486,1,0,2,0,0,4,6,4.0,75.0
23177,1,0,0,1,5,5,11,4.364,84.1
38608,1,0,0,3,12,16,31,4.419,85.475
28839,1,0,0,1,8,10,19,4.474,86.85
28801,1,0,0,1,7,7,15,4.4,85.0
28848,1,0,0,1,6,20,27,4.704,92.6
38859,1,0,0,0,2,0,2,4.0,75.0
61576,1,4,0,0,3,2,9,2.889,47.225
41494,1,0,0,1,2,11,14,4.714,92.85
41487,1,0,0,1,0,4,5,4.6,90.0
22210,1,1,0,2,1,9,13,4.308,82.7
21234,1,0,0,0,2,4,6,4.667,91.675
21148,1,0,0,1,2,1,4,4.0,75.0
22112,1,0,0,0,2,7,9,4.778,94.45
22228,1,0,1,1,0,1,3,3.333,58.325
62645,1,1,2,4,11,13,31,4.065,76.625
31144,1,0,0,1,9,10,20,4.45,86.25
15023,1,1,3,7,14,27,52,4.212,80.3
53656,1,2,0,2,3,9,16,4.063,76.575
30020,1,2,0,6,7,14,29,4.069,76.725
22848,1,0,1,3,3,4,11,3.909,72.725
405,1,1,1,3,6,0,11,3.273,56.825
5612,1,3,5,5,22,30,65,4.092,77.3
64110,1,1,3,1,6,12,23,4.087,77.175
3009,1,1,4,13,19,18,55,3.891,72.275
14081,1,0,0,1,3,2,6,4.167,79.175
14000,1,4,4,2,3,2,15,2.667,41.675
62013,1,0,1,0,1,5,7,4.429,85.725
38603,1,0,0,0,2,2,4,4.5,87.5
31069,1,10,17,58,255,315,655,4.295,82.375
24693,1,2,0,2,22,33,59,4.424,85.6
24811,1,0,0,0,11,37,48,4.771,94.275
24779,1,0,0,0,8,6,14,4.429,85.725
24621,1,1,0,2,5,5,13,4.0,75.0
24728,1,0,0,2,9,5,16,4.188,79.7
24683,1,1,0,1,7,15,24,4.458,86.45
24630,1,0,0,2,2,2,6,4.0,75.0
24808,1,0,1,8,10,14,33,4.121,78.025
24744,1,0,0,0,5,16,21,4.762,94.05
28728,1,1,3,2,1,0,7,2.429,35.725
60218,1,0,0,1,2,7,10,4.6,90.0
24592,1,0,1,2,0,4,7,4.0,75.0
32838,1,0,0,0,3,3,6,4.5,87.5
18109,1,0,0,0,2,2,4,4.5,87.5
17471,1,0,0,0,0,2,2,5.0,100.0
17539,1,0,0,0,1,0,1,4.0,75.0
18265,1,2,0,0,1,1,4,2.75,43.75
17685,1,0,0,0,1,1,2,4.5,87.5
27902,1,16,18,42,168,451,695,4.468,86.7
29799,1,1,0,2,3,7,13,4.154,78.85
487,1,0,1,0,11,10,22,4.364,84.1
501,1,3,0,1,4,7,15,3.8,70.0
516,1,0,0,1,3,1,5,4.0,75.0
8767,1,1,0,5,19,43,68,4.515,87.875
8543,1,3,3,12,17,9,44,3.591,64.775
8557,1,1,2,3,4,7,17,3.824,70.6
40716,1,3,0,3,6,10,22,3.909,72.725
35132,1,0,1,1,3,5,10,4.2,80.0
8563,1,1,1,0,1,6,9,4.111,77.775
35134,1,1,0,0,3,1,5,3.6,65.0
8689,1,0,1,3,1,2,7,3.571,64.275
19651,1,0,0,6,9,7,22,4.045,76.125
19481,1,3,4,10,10,8,35,3.457,61.425
71427,1,1,0,4,8,13,26,4.231,80.775
31372,1,0,0,0,3,10,13,4.769,94.225
31185,1,5,4,8,25,56,98,4.255,81.375
39827,1,5,0,4,12,13,34,3.824,70.6
39823,1,1,1,3,9,14,28,4.214,80.35
33044,1,0,0,0,1,2,3,4.667,91.675
16786,1,0,0,2,6,8,16,4.375,84.375
16816,1,0,0,2,4,11,17,4.529,88.225
16806,1,0,0,2,4,5,11,4.273,81.825
16815,1,0,0,1,10,11,22,4.455,86.375
16801,1,1,0,1,4,3,9,3.889,72.225
16817,1,0,0,0,1,7,8,4.875,96.875
16784,1,0,0,0,2,7,9,4.778,94.45
16785,1,0,0,2,4,7,13,4.385,84.625
16787,1,0,0,0,2,6,8,4.75,93.75
16818,1,0,0,0,2,9,11,4.818,95.45
16804,1,0,0,0,0,5,5,5.0,100.0
16798,1,0,0,0,1,6,7,4.857,96.425
32224,1,3,1,1,2,3,10,3.1,52.5
32225,1,1,0,0,2,1,4,3.5,62.5
55052,1,0,0,0,1,4,5,4.8,95.0
3677,1,0,0,1,6,2,9,4.111,77.775
29002,1,0,0,0,1,1,2,4.5,87.5
28993,1,0,0,0,3,1,4,4.25,81.25
29003,1,0,0,0,0,3,3,5.0,100.0
27545,1,1,5,11,14,10,41,3.659,66.475
31032,1,0,1,0,0,7,8,4.625,90.625
30859,1,0,1,8,12,9,30,3.967,74.175
26378,1,2,1,1,0,2,6,2.833,45.825
29067,1,0,0,0,1,0,1,4.0,75.0
38061,1,0,0,0,5,8,13,4.615,90.375
38062,1,0,0,0,3,1,4,4.25,81.25
38065,1,1,0,1,0,4,6,4.0,75.0
8949,1,2,0,12,48,68,130,4.385,84.625
7977,1,7,7,17,54,64,149,4.081,77.025
18423,1,37,47,99,237,415,835,4.133,78.325
36407,1,7,8,14,39,40,108,3.898,72.45
48066,1,16,27,80,224,315,662,4.201,80.025
36148,1,0,0,2,2,5,9,4.333,83.325
806,1,4,7,52,213,304,580,4.39,84.75
7920,1,2,2,15,49,107,175,4.469,86.725
7838,1,2,2,8,23,44,79,4.329,83.225
36412,1,3,3,9,30,44,89,4.225,80.625
ELRD96GNMGBTYWUF,1,3,0,1,0,1,5,2.2,30.0
ELRE5GGTKJTCGRCG,1,0,0,1,0,6,7,4.714,92.85
ELRE5VBPJHZUNQYY,1,0,1,0,0,0,1,2.0,25.0
ELRE695FEKS7G8AQ,1,0,0,2,0,1,3,3.667,66.675
ELRE6F845RTYFXHF,1,1,0,1,1,0,3,2.667,41.675
ELRE73V3ZPSTU5ZS,1,2,1,0,0,0,3,1.333,8.325
ELRE7M3QWYDPQPYW,1,0,0,1,0,0,1,3.0,50.0
ELRE8GGRHWXGHTVH,1,1,0,0,0,0,1,1.0,0.0
ELRE9H9GADMU3MXN,1,6,0,0,1,1,8,1.875,21.875
ELREAN43MHRVWGH5,1,0,0,0,1,1,2,4.5,87.5
ELREARZGQPHS5YGR,1,2,0,0,0,1,3,2.333,33.325
ELREDZEH6AA3HFPU,1,1,0,0,1,0,2,2.5,37.5
ELREEH82KSAH3FB4,1,8,0,2,0,1,11,1.727,18.175
ELREEMF6SD37MESP,1,17,3,4,4,4,32,2.219,30.475
ELREF4FVXCYYS6V4,1,8,0,0,0,0,8,1.0,0.0
ELREFAZDPDTPMGPB,1,4,1,0,2,2,9,2.667,41.675
ELREFWW9QKYJZXU9,1,0,1,0,0,1,2,3.5,62.5
ELREHWC73EAK2Z5C,1,0,0,0,2,7,9,4.778,94.45
ELREKB98XNHGQAUV,1,8,0,0,0,3,11,2.091,27.275
ESDD9N8HW9DTPQHU,1,0,0,0,1,4,5,4.8,95.0
ESDDFPSFGMMP4V2P,1,0,0,1,1,1,3,4.0,75.0
ESDE3JNYED5KKBVH,1,1,0,1,1,0,3,2.667,41.675
ESDE3WR8BFRB75E8,1,1,0,0,0,0,1,1.0,0.0
ESDE5MFDFYUFQEZE,1,8,1,3,4,8,24,3.125,53.125
ESDE5MFDJQKRPXZQ,1,3,0,2,5,5,15,3.6,65.0
ESDE5MFDRA4JUZ8Y,1,2,0,1,2,0,5,2.6,40.0
ESDE5MFDTUXNFKDU,1,4,2,2,3,8,19,3.474,61.85
ESDE5MFDVKJHAUNJ,1,4,0,1,4,3,12,3.167,54.175
ESDE6VTR97SSTYZP,1,0,0,1,1,1,3,4.0,75.0
ESDE6VTRBNBRSR9U,1,1,0,1,1,3,6,3.833,70.825
ESDE7GMRBUEZCKHR,1,0,0,1,4,2,7,4.143,78.575
ESDE84FZYEAZWGDX,1,0,0,1,1,11,13,4.769,94.225
ESDE8RHRZ3RWYH6U,1,2,0,0,1,0,3,2.0,25.0
ESDEB8FYZWGWB7VT,1,0,1,0,0,0,1,2.0,25.0
ESDEBGGRPRFTDXVA,1,0,0,0,2,5,7,4.714,92.85
ESDEBGHFKYRKYS9T,1,1,0,1,1,0,3,2.667,41.675
ESDEBHWTHJPXNV3Z,1,2,0,0,0,1,3,2.333,33.325
ESDEBTFVHTFFTYZX,1,1,0,1,1,1,4,3.25,56.25
ESDEBYDNYTRZFUZM,1,0,0,1,6,7,14,4.429,85.725
ESDECF9MMYZTSBNC,1,0,2,2,1,8,13,4.154,78.85
ESDEDF2ZGWVPPRQN,1,4,3,8,4,17,36,3.75,68.75
ESDEDKGJZGD8JDQY,1,0,0,0,2,0,2,4.0,75.0
ESDEFPYPANBRJDPY,1,0,1,0,0,2,3,4.0,75.0
ESDEYFCYPDFESH5P,1,3,0,1,0,0,4,1.5,12.5
KJLE5GVGSQH665HR,1,5,1,2,3,3,14,2.857,46.425
KJLEBHZ8CUGHG6R7,1,4,0,0,0,0,4,1.0,0.0
KJLEBPFHZWJZKZGD,1,11,1,1,0,2,15,1.733,18.325
KJLEDAWZX5HJM5GH,1,1,0,0,1,3,5,4.0,75.0
KJLEFFHHG8AZNHYC,1,0,0,0,1,0,1,4.0,75.0
KJLEFWW9FP9JWARK,1,1,1,0,0,0,2,1.5,12.5
KJLEG4DF7TMGJRAA,1,8,0,0,1,1,10,1.7,17.5
KJLEGE5URSWQYZ5M,1,7,0,0,1,2,10,2.1,27.5
KJLEGKHWPZFGSGPE,1,21,4,3,5,4,37,2.108,27.7
KJLEGU3THNTSPQJY,1,16,1,1,0,1,19,1.368,9.2
KJLEHZXVTYURBGCN,1,6,1,0,3,3,13,2.692,42.3
MCRD9N8QZQCHBTJT,1,5,3,11,5,18,42,3.667,66.675
MCRDTQ8MHZV4EJ9Z,1,0,0,0,0,1,1,5.0,100.0
MCRE4HB7JFHYEFYX,1,2,0,2,0,1,5,2.6,40.0
MCREAFZKXXRGSXSZ,1,2,0,0,0,2,4,3.0,50.0
MCREBJHYMC9CSY7C,1,1,1,0,0,0,2,1.5,12.5
MCRECU3BWMFGWZVH,1,2,0,0,1,0,3,2.0,25.0
MCREF7MGWQM6TFEV,1,0,0,2,2,1,5,3.8,70.0
MCREFM4P9YD9JVAC,1,3,2,1,3,1,10,2.7,42.5
B005N009EE,1,0,0,0,0,1,1,5.0,100.0
B0065DLADM,1,0,0,0,0,1,1,5.0,100.0
B007BXMKGQ,1,1,0,0,0,1,2,3.0,50.0
B00DRE234M,1,3,0,1,0,2,6,2.667,41.675
B00FVRDWGQ,1,1,0,0,0,0,1,1.0,0.0
B00FVREDAA,1,0,0,0,2,2,4,4.5,87.5
B00M1HLKG8,1,2,0,3,0,1,6,2.667,41.675
B00QWR73EQ,1,0,1,0,0,0,1,2.0,25.0
B00RNWYFJA,1,0,0,1,1,2,4,4.25,81.25
B00RNXI8HY,1,0,0,0,0,1,1,5.0,100.0
B00SD76Q9Q,1,0,0,1,1,4,6,4.5,87.5
B00UOTU10G,1,0,1,0,1,1,3,3.667,66.675
B00XYELEQS,1,1,2,2,2,0,7,2.714,42.85
B00XYELGYI,1,0,0,2,0,2,4,4.0,75.0
B013I36AI6,1,0,0,3,2,1,6,3.667,66.675
B016UT0JVE,1,3,0,0,0,2,5,2.6,40.0
B01CE5J17G,1,1,0,0,2,2,5,3.8,70.0
B01CJUTUX6,1,1,0,0,1,0,2,2.5,37.5
B01DNTKXN8,1,1,0,0,0,0,1,1.0,0.0
B01G3UKRJO,1,1,0,0,0,0,1,1.0,0.0
B01LLRP4WE,1,1,0,1,0,2,4,3.5,62.5
B01M12VF0N,1,2,0,0,0,0,2,1.0,0.0
672650954419,1,0,0,0,1,1,2,4.5,87.5
158181,1,1,0,0,0,1,2,3.0,50.0
580714937,1,0,0,0,0,2,2,5.0,100.0
654120711650,1,0,0,1,0,1,2,4.0,75.0
638054144929,1,0,0,1,0,2,3,4.333,83.325
1259278,1,0,1,0,0,0,1,2.0,25.0
1259276,1,1,0,0,5,3,9,4.0,75.0
1351081,1,0,0,1,0,0,1,3.0,50.0
646724991618,1,0,0,0,0,2,2,5.0,100.0
77166,1,0,0,0,1,5,6,4.833,95.825
2057908203,1,0,0,0,0,5,5,5.0,100.0
848941721,1,0,0,1,4,4,9,4.333,83.325
680591267030,1,0,0,0,1,1,2,4.5,87.5
129952,1,1,0,0,1,1,3,3.333,58.325
182935,1,0,1,1,3,23,28,4.714,92.85
216717,1,0,0,0,0,2,2,5.0,100.0
193515,1,0,0,0,3,1,4,4.25,81.25
61784,1,0,0,3,2,1,6,3.667,66.675
91123,1,0,0,0,1,1,2,4.5,87.5
182564,1,0,0,0,1,4,5,4.8,95.0
38067,1,1,0,0,3,5,9,4.222,80.55
63803,1,0,0,1,3,3,7,4.286,82.15
214950,1,0,0,0,1,2,3,4.667,91.675
21721,1,0,0,0,4,3,7,4.429,85.725
21720,1,0,0,0,1,1,2,4.5,87.5
6672,1,0,0,1,3,1,5,4.0,75.0
7094,1,0,0,0,5,4,9,4.444,86.1
38606,1,0,0,0,0,3,3,5.0,100.0
61007,1,0,0,1,1,5,7,4.571,89.275
48011,1,0,0,0,1,0,1,4.0,75.0
24596,1,1,0,0,2,2,5,3.8,70.0
32839,1,1,0,2,2,0,5,3.0,50.0
32896,1,0,0,0,0,3,3,5.0,100.0
23330,1,0,1,0,0,0,1,2.0,25.0
16802,1,0,0,0,1,0,1,4.0,75.0
16789,1,0,0,0,3,2,5,4.4,85.0
32276,1,0,0,0,2,2,4,4.5,87.5
55061,1,0,1,0,0,0,1,2.0,25.0
55006,1,0,0,0,1,2,3,4.667,91.675
28989,1,0,0,0,0,1,1,5.0,100.0
25130,1,1,0,3,1,5,10,3.9,72.5
ELRDJ77CYSGMHRB4,1,1,0,0,0,2,3,3.667,66.675
ELRDTYFRH49VKJKN,1,1,0,0,0,1,2,3.0,50.0
ELRE2YAASVZGPKFA,1,1,1,0,1,4,7,3.857,71.425
ELRE39Q4CHGUZTJB,1,0,0,1,0,0,1,3.0,50.0
ELRE3SGPHPWEH57N,1,2,0,0,0,0,2,1.0,0.0
ELRE4MNQTRQVFNEK,1,0,0,0,0,2,2,5.0,100.0
ELRE5M45GZMJDHNX,1,2,1,0,0,1,4,2.25,31.25
ELRE7KY47KPHCKKP,1,2,1,1,1,0,5,2.2,30.0
ELRE7RGB9VYNHZHZ,1,0,1,0,0,0,1,2.0,25.0
ELRE8GGRG7VHYESW,1,1,0,0,1,0,2,2.5,37.5
ELRE9JEYQKMSHFWV,1,3,0,0,0,2,5,2.6,40.0
ELREAEHFYH9HKK8D,1,17,0,1,3,7,28,2.393,34.825
ELREAF2ZNKZDFJ3Z,1,1,0,0,1,1,3,3.333,58.325
ELREAFCDHPQVBHKY,1,2,0,0,0,1,3,2.333,33.325
ELREAHMSATBUXJVQ,1,0,0,1,1,1,3,4.0,75.0
ELREBCMKGHXZR4SJ,1,1,0,0,0,1,2,3.0,50.0
ELREBH5SPSPPHCYP,1,1,1,0,0,0,2,1.5,12.5
ELRECF6D3RFWDWAH,1,4,0,0,0,0,4,1.0,0.0
ELRECHWBNEKG8XHH,1,0,0,1,0,0,1,3.0,50.0
ELRED2ZSHS2ZQ8AB,1,0,1,0,1,5,7,4.429,85.725
ELREDGGEPKUNPRU9,1,0,0,0,1,1,2,4.5,87.5
ELREDKQP5ZQVDSHZ,1,1,0,0,0,2,3,3.667,66.675
ELREDUU9QWNHYF8B,1,2,0,0,3,0,5,2.8,45.0
ELREE2A5CMYRMHRK,1,1,0,3,0,1,5,3.0,50.0
ELREE7VRYHR5SRZF,1,2,0,2,0,5,9,3.667,66.675
ELREE9B7BARC2SBF,1,2,1,0,2,4,9,3.556,63.9
ELREENEMZSDYJPG8,1,2,0,0,3,4,9,3.778,69.45
ELREES7FFZHWWH9E,1,1,0,0,0,1,2,3.0,50.0
ELREF7FPCBGYSJQZ,1,1,0,0,0,0,1,1.0,0.0
ELREFAZCWSBC3SSN,1,6,0,0,0,1,7,1.571,14.275
ELREFXZPWEEKCTBH,1,2,0,0,0,0,2,1.0,0.0
ELREG2QYNFGKXTFR,1,0,1,0,0,1,2,3.5,62.5
ELREG38HMATH9ZGF,1,1,0,1,0,0,2,2.0,25.0
ELREG7RG6M7SBYFS,1,1,0,1,1,0,3,2.667,41.675
ELREG8EGGGMDCX3U,1,1,0,0,1,0,2,2.5,37.5
ELREG8YTN3BGWGSP,1,1,0,1,1,0,3,2.667,41.675
ELREGDV8TXQUMVTY,1,1,0,0,0,0,1,1.0,0.0
ELREGGK6SH9XGEFG,1,1,0,0,0,0,1,1.0,0.0
ELREGGQ3MUDPCH4J,1,0,0,2,1,1,4,3.75,68.75
ELREGKCRY258KKJX,1,1,0,1,0,8,10,4.4,85.0
ELREGZTXCRGGQDWH,1,1,0,2,5,7,15,4.133,78.325
ELREH3ZD5ZHGEM4H,1,6,1,1,0,1,9,1.778,19.45
ELREJCTMAAV46E8D,1,2,0,0,0,0,2,1.0,0.0
ELREMDGUNU4CPB7W,1,0,1,0,0,1,2,3.5,62.5
ELREY7M9CWGZPYEN,1,0,0,1,0,0,1,3.0,50.0
ESDE3JNYEASGDEWZ,1,0,0,0,1,2,3,4.667,91.675
ESDE3RG83GWZNGDJ,1,4,0,0,1,1,6,2.167,29.175
ESDE4GFBGSYAQG8Z,1,1,0,0,1,0,2,2.5,37.5
ESDE5MFDWYWFGJDJ,1,2,0,0,0,0,2,1.0,0.0
ESDE8P937VSHAPZD,1,3,0,1,8,10,22,4.0,75.0
ESDE9A8QX3CGMGE8,1,1,0,0,0,0,1,1.0,0.0
ESDEA2H4SESHY7GK,1,0,2,2,2,0,6,3.0,50.0
ESDEAM7QWQRUS9Z3,1,1,0,0,2,1,4,3.5,62.5
ESDEBHBPSB7EUFQE,1,0,0,0,2,4,6,4.667,91.675
ESDECJF7WMZDVAQK,1,3,1,4,1,4,13,3.154,53.85
ESDEE9FV9RNSREQ4,1,0,0,0,1,0,1,4.0,75.0
ESDEES7EEHRHVCF7,1,12,0,2,0,2,16,1.75,18.75
ESDEES7EZRDBSEAA,1,3,0,0,1,1,5,2.4,35.0
ESDEGNRRPMBUJ7GF,1,1,0,2,9,7,19,4.105,77.625
ESDEKRVVZZPMJNZ4,1,0,0,1,0,1,2,4.0,75.0
KJLE3R7TNJEFJGAS,1,2,0,1,0,0,3,1.667,16.675
KJLE4BD3EP9WYTCD,1,1,0,0,0,3,4,4.0,75.0
KJLE5GM7G2C5BFBZ,1,3,0,0,0,1,4,2.0,25.0
KJLE7UGX4QD8XXGX,1,1,0,0,0,0,1,1.0,0.0
KJLEAGGFZAANFG3S,1,4,0,0,2,1,7,2.429,35.725
KJLECFM9WHZXZGHG,1,1,0,0,0,0,1,1.0,0.0
KJLECU9AGWS95UD2,1,1,1,1,1,4,8,3.75,68.75
KJLEF5TXDKDEEFHR,1,0,0,0,1,2,3,4.667,91.675
KJLEFFCYVFRA7MZZ,1,1,0,0,1,1,3,3.333,58.325
KJLEFHYTKCSZ6GJP,1,5,1,1,0,2,9,2.222,30.55
KJLEG6ZKSTPCGMHT,1,4,1,0,0,1,6,1.833,20.825
KJLEG7GCMWXW92UC,1,7,0,3,0,1,11,1.909,22.725
KJLEG7PT3WVDXGWY,1,22,5,5,6,15,53,2.755,43.875
KJLEG7PTZ3HSNGX8,1,7,0,0,0,2,9,1.889,22.225
KJLEG8HEC3HTGYWT,1,1,0,0,0,1,2,3.0,50.0
KJLEGG7VJE4KMHUD,1,27,1,0,4,8,40,2.125,28.125
KJLEGKAS2RRQANMF,1,10,1,1,1,1,14,1.714,17.85
KJLEGKAS6UEZK27H,1,4,2,0,1,2,9,2.444,36.1
KJLEH7B8J5SBCWDB,1,4,0,0,1,0,5,1.6,15.0
KJLEHDCCDY2NSPGJ,1,2,0,0,2,2,6,3.333,58.325
KJLEHGR2VS7E47WM,1,21,2,5,7,6,41,2.39,34.75
KJLEHT8PGQHHM9VR,1,18,1,0,0,3,22,1.591,14.775
KJLEHVUUWVKTZW46,1,1,1,1,2,2,7,3.429,60.725
KJLEJB6ZPHMQRJQ8,1,6,1,0,1,0,8,1.5,12.5
KJLEKHECGZKZEYAA,1,0,1,0,0,0,1,2.0,25.0
MCRDW3YZWF7MGVUA,1,1,0,0,0,0,1,1.0,0.0
MCRE9HC3B7RNUHGE,1,0,1,0,0,0,1,2.0,25.0
MCREAF2ZTZFHZMZ6,1,1,0,1,1,0,3,2.667,41.675
MCRECYBZDBHUWTVH,1,1,0,1,0,2,4,3.5,62.5
MCRECYBZN9HXHZSR,1,8,0,0,1,1,10,1.7,17.5
MCREDNU5M8HYRK9Y,1,1,1,0,1,1,4,3.0,50.0
MCREEAMAAU8PG6EE,1,4,1,1,4,1,11,2.727,43.175
MCREF7MGG7PBTN9S,1,1,0,0,0,0,1,1.0,0.0
MCREHDS8SV7ESGVN,1,0,1,1,0,0,2,2.5,37.5
MCREHJ9QE2AHGGDP,1,1,0,0,0,0,1,1.0,0.0
MCREJ2VGPZJHV2KB,1,0,2,1,0,1,4,3.0,50.0
B000ORORO4,1,0,0,0,0,1,1,5.0,100.0
B006LXDV1A,1,0,1,1,2,4,8,4.125,78.125
B00791F3A0,1,5,0,0,0,4,9,2.778,44.45
B00853EXUM,1,1,0,0,0,0,1,1.0,0.0
B008X75CYQ,1,0,0,0,0,1,1,5.0,100.0
B00BMMUUI2,1,1,0,1,1,5,8,4.125,78.125
B00FVREVAW,1,0,0,0,0,1,1,5.0,100.0
B00K896D8Q,1,1,0,0,0,0,1,1.0,0.0
B00PQO6EDC,1,1,0,0,0,0,1,1.0,0.0
B00V6JJTAQ,1,0,0,0,0,1,1,5.0,100.0
B00XYGA8HC,1,1,1,0,0,0,2,1.5,12.5
B01658DXSG,1,2,1,0,0,0,3,1.333,8.325
B018KAYDKE,1,1,1,2,0,3,7,3.429,60.725
B0191AN2PY,1,0,0,1,0,1,2,4.0,75.0
B01ALYHUJS,1,3,0,1,2,1,7,2.714,42.85
B01B97PNZ4,1,5,0,0,0,1,6,1.667,16.675
B01DYD2UJI,1,0,0,0,0,1,1,5.0,100.0
B01ET104XI,1,4,2,0,0,1,7,1.857,21.425
B01F25HCFS,1,2,0,0,0,0,2,1.0,0.0
B01HGQX0LG,1,2,0,0,0,0,2,1.0,0.0
B01I2VCU6U,1,1,0,0,0,0,1,1.0,0.0
B01KCCIJ58,1,1,1,0,1,0,3,2.333,33.325
B01LYAFGRP,1,1,0,0,0,1,2,3.0,50.0
B01M7MO1U0,1,3,0,2,1,2,8,2.875,46.875
244937108,1,0,0,0,0,1,1,5.0,100.0
2145187845,1,0,0,0,0,2,2,5.0,100.0
783911087,1,0,0,1,0,0,1,3.0,50.0
42337616,1,1,0,0,1,0,2,2.5,37.5
751295160,1,2,0,0,1,0,3,2.0,25.0
1626068579,1,0,0,0,0,3,3,5.0,100.0
208886,1,0,0,0,0,1,1,5.0,100.0
514411379,1,0,0,0,2,2,4,4.5,87.5
787274304,1,0,0,2,0,1,3,3.667,66.675
621442142386,1,0,0,0,0,1,1,5.0,100.0
629678475741,1,2,0,0,0,5,7,3.857,71.425
632911877053,1,0,1,0,1,5,7,4.429,85.725
833548644,1,0,0,0,3,6,9,4.667,91.675
682563445141,1,0,0,0,0,1,1,5.0,100.0
686031391,1,0,0,0,0,2,2,5.0,100.0
30888,1,0,0,0,1,3,4,4.75,93.75
677724234657,1,1,0,0,0,0,1,1.0,0.0
682767416485,1,0,0,0,0,1,1,5.0,100.0
659771776773,1,0,0,1,0,5,6,4.667,91.675
620580915612,1,0,0,0,0,1,1,5.0,100.0
1476361998,1,0,0,0,2,3,5,4.6,90.0
1719666636,1,1,0,0,1,1,3,3.333,58.325
1035015968,1,0,0,1,1,1,3,4.0,75.0
652894044460,1,0,0,0,0,2,2,5.0,100.0
1188487725,1,1,0,0,0,1,2,3.0,50.0
661824764619,1,0,0,0,0,2,2,5.0,100.0
1454742269,1,0,0,0,0,1,1,5.0,100.0
1725173635,1,2,2,0,7,9,20,3.95,73.75
1185735132,1,2,0,0,6,0,8,3.25,56.25
1838559052,1,0,0,0,1,4,5,4.8,95.0
672225795378,1,0,0,1,0,2,3,4.333,83.325
1351089,1,1,0,0,0,0,1,1.0,0.0
678969534305,1,0,1,0,1,0,2,3.0,50.0
665890179973,1,0,0,1,1,0,2,3.5,62.5
232732,1,0,0,0,1,0,1,4.0,75.0
633515131384,1,0,0,0,1,3,4,4.75,93.75
670948243354,1,1,0,0,0,0,1,1.0,0.0
498672492,1,1,0,0,0,1,2,3.0,50.0
664885219735,1,0,0,0,0,2,2,5.0,100.0
215264,1,0,0,0,1,9,10,4.9,97.5
240167,1,0,0,0,1,1,2,4.5,87.5
173731,1,0,0,0,2,1,3,4.333,83.325
33232,1,0,0,0,1,0,1,4.0,75.0
30765,1,0,1,2,0,1,4,3.25,56.25
21320,1,0,0,0,0,3,3,5.0,100.0
22229,1,0,0,0,0,2,2,5.0,100.0
22341,1,0,0,0,2,0,2,4.0,75.0
ELRD96GNB4ZZGJG9,1,1,0,0,0,0,1,1.0,0.0
ELRDY9NBHAHCXHSE,1,2,0,0,0,0,2,1.0,0.0
ELRE22FQRXGXVQ63,1,2,0,0,0,0,2,1.0,0.0
ELRE292Z95KS7EPQ,1,0,0,0,1,2,3,4.667,91.675
ELRE292ZGHPCDVQX,1,1,0,0,0,0,1,1.0,0.0
ELRE292ZQFCVDVG5,1,1,0,0,0,0,1,1.0,0.0
ELRE3RJZQAAUTAGH,1,1,0,0,0,0,1,1.0,0.0
ELRE6Y3HMJ8BYD7Z,1,1,0,0,0,0,1,1.0,0.0
ELRE6YPWB7WHANG6,1,2,0,0,0,0,2,1.0,0.0
ELRE83FNNJPBHN24,1,1,0,0,0,0,1,1.0,0.0
ELREA5AUYACZRQPZ,1,0,1,0,0,0,1,2.0,25.0
ELREB7C4VVYHYJDP,1,1,0,0,0,0,1,1.0,0.0
ELREB7C52UHYKUWM,1,1,0,0,1,0,2,2.5,37.5
ELREC8932HGPKG9U,1,1,0,0,0,0,1,1.0,0.0
ELRECEJ8M7AGSGGZ,1,2,0,0,0,0,2,1.0,0.0
ELRED4YZGZRRJGQ3,1,1,0,0,0,0,1,1.0,0.0
ELREDWZ63PTUVERP,1,0,1,0,0,0,1,2.0,25.0
ELREFAZBYFXJGAGQ,1,1,0,1,0,1,3,3.0,50.0
ELREFBFEP5WDYHE8,1,0,0,2,0,1,3,3.667,66.675
ELREFHYSPCXTTNTA,1,1,0,0,0,1,2,3.0,50.0
ELREFUY4T84HH3HM,1,1,0,0,0,1,2,3.0,50.0
ELREHE5GZRPGM5ZF,1,1,0,0,1,0,2,2.5,37.5
ELREHSQ8HPZKYQZD,1,1,0,0,0,1,2,3.0,50.0
ELREJH3THGFB57KW,1,0,0,0,2,0,2,4.0,75.0
ELREJUH5RMGZVVHC,1,1,0,1,0,0,2,2.0,25.0
ELREJWCXQXUZ3GN7,1,1,0,0,3,2,6,3.833,70.825
ESDDQKWYM8HEZAGU,1,0,0,0,0,1,1,5.0,100.0
ESDDQSZWDYTM6CGR,1,0,0,1,2,1,4,4.0,75.0
ESDE2K3YTFQHSHME,1,1,0,0,0,0,1,1.0,0.0
ESDE3JNYNRYHWZFJ,1,0,0,0,1,0,1,4.0,75.0
ESDE4VPSZAFT5H7Q,1,1,0,0,1,2,4,3.75,68.75
ESDE5MFDZRZ65SP4,1,1,0,0,0,0,1,1.0,0.0
ESDE6P4HJMW7GUXH,1,0,0,0,2,0,2,4.0,75.0
ESDE73V2U82YYGY4,1,0,0,1,1,0,2,3.5,62.5
ESDE73V3UKSHBTGP,1,1,0,0,0,0,1,1.0,0.0
ESDEAEZEQVVBDJYJ,1,0,0,1,1,3,5,4.4,85.0
ESDEAXBWXMFHKHVS,1,2,0,0,1,8,11,4.182,79.55
ESDEAZ6FG6CNTMSX,1,0,0,1,0,1,2,4.0,75.0
ESDEB3FF7YQYY565,1,1,0,0,0,0,1,1.0,0.0
ESDEB63YAVGPR5UT,1,1,0,0,0,0,1,1.0,0.0
ESDEBGGRUZEHKESZ,1,0,0,0,2,1,3,4.333,83.325
ESDECFJG6MTPK8YF,1,1,0,0,0,0,1,1.0,0.0
ESDEDNYBNHBXSNYN,1,1,0,0,0,0,1,1.0,0.0
ESDEDSHFJ78DZC5G,1,0,0,0,0,1,1,5.0,100.0
ESDEE3KKMKF2WHG7,1,1,0,0,0,0,1,1.0,0.0
ESDEE3KKZGBAUSSC,1,1,0,0,0,0,1,1.0,0.0
ESDEEGBGGHXRWFK2,1,1,0,0,0,0,1,1.0,0.0
ESDEEKSYQZ5TFEFF,1,1,0,0,0,1,2,3.0,50.0
ESDEF3FJPMRVGQ5B,1,0,0,0,0,1,1,5.0,100.0
ESDEFPYPQHTYYKVR,1,1,0,0,0,1,2,3.0,50.0
ESDEFXZZEHGG8RER,1,1,0,0,0,0,1,1.0,0.0
ESDEFZYFV7VBDHZD,1,0,1,0,0,4,5,4.4,85.0
ESDEG77XH6G6PMCK,1,3,0,0,1,15,19,4.316,82.9
ESDEGAGZPM7CJYJK,1,2,0,0,0,0,2,1.0,0.0
ESDEGCWWBGDEHMUY,1,0,0,0,1,0,1,4.0,75.0
ESDEHGQM3H8UGSCG,1,1,0,0,0,0,1,1.0,0.0
ESDEJRYPZSHK8JTE,1,0,0,1,0,0,1,3.0,50.0
ESDEMHYSJRYF73PT,1,1,0,3,5,5,14,3.929,73.225
ESDEYFCYAWRWZ2FT,1,0,0,1,0,1,2,4.0,75.0
KJLDRG34VYUGHMNC,1,0,0,0,1,5,6,4.833,95.825
KJLE2PJ7AHJTHBFS,1,1,0,0,0,0,1,1.0,0.0
KJLE2ZKNZDWZYGA9,1,2,0,0,0,1,3,2.333,33.325
KJLE67Z4FPZG5CBT,1,4,0,0,1,2,7,2.571,39.275
KJLE8GCDJNND5W98,1,0,0,2,1,2,5,4.0,75.0
KJLE9Q6UG66NHMFV,1,3,0,0,0,0,3,1.0,0.0
KJLECFMTQJ6VUBZH,1,2,0,0,0,0,2,1.0,0.0
KJLECQBRHD7V2KT5,1,1,0,1,1,0,3,2.667,41.675
KJLEEP38QMAGUYFK,1,0,1,0,0,0,1,2.0,25.0
KJLEF7FZCQQHQK8W,1,1,0,0,0,0,1,1.0,0.0
KJLEFFHHFGBM5VNA,1,0,0,0,1,0,1,4.0,75.0
KJLEG8HEGEGJ3XHG,1,2,0,0,0,0,2,1.0,0.0
KJLEHAWJEVZ7ZKH8,1,1,0,0,0,0,1,1.0,0.0
KJLEHV5K7TCZXRJR,1,0,0,0,0,2,2,5.0,100.0
KJLEHYRUV5X4BDKF,1,1,0,0,0,0,1,1.0,0.0
KJLEJ27FQK3RZCNC,1,0,0,0,1,4,5,4.8,95.0
KJLEJBKPARDHU4DR,1,2,0,0,0,0,2,1.0,0.0
KJLEKBY3RUK4SXPH,1,5,1,0,0,0,6,1.167,4.175
KJLEKNCNVWGUYA3H,1,0,0,0,1,0,1,4.0,75.0
MCRE292ZFKRMYHFF,1,1,0,0,0,0,1,1.0,0.0
MCRE57ZQMVXYJYNG,1,1,0,0,0,0,1,1.0,0.0
MCRE5QU2JUBQE2M5,1,2,0,0,0,0,2,1.0,0.0
MCRE6WB2FYPZZKDN,1,0,0,0,0,2,2,5.0,100.0
MCRE8KUYQPEJQ5H6,1,1,0,0,0,0,1,1.0,0.0
MCREA95QYZHCRJJE,1,0,0,0,1,0,1,4.0,75.0
MCREBHYYZKBA4UZP,1,3,0,0,0,1,4,2.0,25.0
MCREBPRG8DZQRPTY,1,0,1,0,0,0,1,2.0,25.0
MCREBPRGKPNNEFQ3,1,2,1,0,0,0,3,1.333,8.325
MCREBTGEGGCGF3MQ,1,0,1,0,0,0,1,2.0,25.0
MCREDKU4ANRHEY7Q,1,1,0,0,0,0,1,1.0,0.0
MCREEB7Y5KSKP8TV,1,0,0,0,1,0,1,4.0,75.0
MCREF3FHPR8GVHRR,1,1,0,0,0,0,1,1.0,0.0
MCREF7MGYNYCB9HV,1,0,0,0,0,1,1,5.0,100.0
MCREH8G63YRRSHAF,1,0,0,0,0,1,1,5.0,100.0
MCREHAWA2GXVS5VF,1,4,0,0,0,0,4,1.0,0.0
MCREJGH9XTATXMUS,1,1,0,0,0,0,1,1.0,0.0
MCREYGVREDFYRBWG,1,0,0,0,1,0,1,4.0,75.0
B000ALDLJG,1,0,0,0,0,1,1,5.0,100.0
B001126YI8,1,1,0,0,0,0,1,1.0,0.0
B001KYRNAK,1,0,0,0,0,1,1,5.0,100.0
B002LFLVFK,1,0,0,0,1,0,1,4.0,75.0
B004BCVBKG,1,0,0,1,0,0,1,3.0,50.0
B004BCXEF6,1,1,0,0,0,0,1,1.0,0.0
B006HCJXBM,1,1,0,0,0,0,1,1.0,0.0
B008VSJFQ8,1,0,0,0,0,1,1,5.0,100.0
B009WI356C,1,0,0,0,0,1,1,5.0,100.0
B00AZQLPNU,1,0,0,0,0,2,2,5.0,100.0
B00B1DRA94,1,0,0,1,0,2,3,4.333,83.325
B00FVRECJW,1,1,0,0,0,0,1,1.0,0.0
B00GTB5VO4,1,1,0,0,0,0,1,1.0,0.0
B00HU31MFC,1,0,1,1,1,1,4,3.5,62.5
B00I3MDXYW,1,1,0,0,0,0,1,1.0,0.0
B00INT6PJ0,1,1,0,1,0,0,2,2.0,25.0
B00J9HSXA4,1,0,0,0,0,1,1,5.0,100.0
B00JTD1ZM6,1,1,0,0,0,0,1,1.0,0.0
B00K3ON5FK,1,3,0,0,0,1,4,2.0,25.0
B00L2T48CE,1,1,0,0,0,0,1,1.0,0.0
B00MA2024A,1,0,0,0,1,0,1,4.0,75.0
B00OPYOJ1S,1,0,0,0,1,4,5,4.8,95.0
B00OUY488C,1,0,0,0,0,1,1,5.0,100.0
B00TBIULRE,1,1,0,0,0,0,1,1.0,0.0
B00XEMC59A,1,0,0,0,0,1,1,5.0,100.0
B00XKTZ08A,1,1,0,0,0,0,1,1.0,0.0
B00XYELCEC,1,0,0,0,1,1,2,4.5,87.5
B00Y53ND34,1,0,0,0,0,1,1,5.0,100.0
B013EPHC76,1,1,1,1,1,3,7,3.571,64.275
B013GF71YS,1,1,0,0,0,0,1,1.0,0.0
B013UVAYIS,1,1,0,0,1,0,2,2.5,37.5
B015RTPYLI,1,2,0,0,0,0,2,1.0,0.0
B016UT0C9I,1,4,0,0,0,0,4,1.0,0.0
B01A6UZNQO,1,0,0,0,0,2,2,5.0,100.0
B01C42HYAK,1,0,0,0,0,2,2,5.0,100.0
B01CE47OXU,1,1,0,0,0,0,1,1.0,0.0
B01DNTKW66,1,0,1,0,0,1,2,3.5,62.5
B01DNTL08A,1,1,0,0,0,0,1,1.0,0.0
B01G3T5LT6,1,0,0,0,0,1,1,5.0,100.0
B01GEBDNW0,1,1,0,1,0,0,2,2.0,25.0
B01H70SMVE,1,1,0,0,0,0,1,1.0,0.0
B01IK3KG34,1,1,0,0,0,0,1,1.0,0.0
B01JZI3UQ8,1,0,0,0,0,2,2,5.0,100.0
B01LXR1HSR,1,0,0,0,1,0,1,4.0,75.0
B01LZ9EVT6,1,1,1,0,0,0,2,1.5,12.5
229027589,1,0,0,2,0,1,3,3.667,66.675
818032583,1,0,0,0,0,1,1,5.0,100.0
651575744083,1,0,0,0,2,0,2,4.0,75.0
629699678460,1,0,0,0,0,2,2,5.0,100.0
312145360,1,0,0,0,0,1,1,5.0,100.0
1424517796,1,0,0,0,0,1,1,5.0,100.0
832780130,1,0,0,0,0,1,1,5.0,100.0
345034712,1,0,0,1,0,0,1,3.0,50.0
76904150,1,0,0,0,0,1,1,5.0,100.0
614923928,1,0,0,0,0,1,1,5.0,100.0
1737744752,1,0,0,0,0,1,1,5.0,100.0
666395036562,1,0,0,0,0,2,2,5.0,100.0
670228308245,1,0,0,0,0,1,1,5.0,100.0
618477644944,1,0,0,0,1,0,1,4.0,75.0
623155985477,1,0,0,0,0,1,1,5.0,100.0
620569612644,1,0,0,0,0,1,1,5.0,100.0
662715393969,1,0,0,0,0,1,1,5.0,100.0
640644019729,1,0,0,1,0,0,1,3.0,50.0
665972133588,1,0,0,0,0,1,1,5.0,100.0
1257540,1,0,0,0,0,1,1,5.0,100.0
719766881,1,0,0,0,1,2,3,4.667,91.675
1643293665,1,0,0,0,0,2,2,5.0,100.0
317761887,1,1,0,0,0,0,1,1.0,0.0
1284449134,1,0,0,0,0,2,2,5.0,100.0
193712481,1,0,0,0,0,1,1,5.0,100.0
686459752508,1,0,0,0,1,0,1,4.0,75.0
636120314408,1,0,0,0,0,1,1,5.0,100.0
648197907151,1,0,0,0,0,1,1,5.0,100.0
680605853077,1,0,0,0,0,1,1,5.0,100.0
194926325,1,1,0,0,0,0,1,1.0,0.0
833654001,1,0,0,0,0,1,1,5.0,100.0
100566301,1,0,0,0,1,0,1,4.0,75.0
26051238,1,0,0,0,1,1,2,4.5,87.5
62678255,1,0,0,0,1,0,1,4.0,75.0
515181405,1,0,0,0,0,1,1,5.0,100.0
1351145,1,1,0,0,0,0,1,1.0,0.0
644662027261,1,0,0,0,0,1,1,5.0,100.0
1454956192,1,0,0,0,0,1,1,5.0,100.0
511898908,1,0,0,0,3,3,6,4.5,87.5
1808572615,1,0,0,1,1,1,3,4.0,75.0
1463849,1,0,0,0,1,0,1,4.0,75.0
637935015264,1,0,0,0,0,1,1,5.0,100.0
519160236,1,0,0,1,0,3,4,4.5,87.5
640366761447,1,0,0,0,0,1,1,5.0,100.0
633325496369,1,0,0,0,1,1,2,4.5,87.5
2078261243,1,0,0,1,1,0,2,3.5,62.5
629952649,1,0,0,0,0,2,2,5.0,100.0
621374252212,1,0,0,1,0,0,1,3.0,50.0
632312509402,1,0,0,0,0,1,1,5.0,100.0
200777,1,0,0,0,0,1,1,5.0,100.0
215261,1,0,0,0,0,1,1,5.0,100.0
201221,1,0,0,1,2,3,6,4.333,83.325
188804,1,0,0,0,1,0,1,4.0,75.0
21193,1,0,0,0,1,0,1,4.0,75.0
21268,1,0,0,0,0,1,1,5.0,100.0
ESDEE3KKZDZTJUKF,1,1,0,0,0,0,1,1.0,0.0
ESDEGAGZZ9NMH3FA,1,1,0,0,0,0,1,1.0,0.0
KJLEKHEVGYKAH8WG,1,1,0,0,0,0,1,1.0,0.0
B0032VJUX2,1,0,0,1,0,0,1,3.0,50.0
B00KCKEP4K,1,0,0,1,0,0,1,3.0,50.0
618558958661,1,0,0,1,0,0,1,3.0,50.0
658432662011,1,0,0,0,0,1,1,5.0,100.0
646662676713,1,0,0,0,1,0,1,4.0,75.0
ELRDKVD5HXGGEBYG,1,0,0,1,0,0,1,3.0,50.0
ESDE73V2YMHMFD9K,1,1,0,0,0,0,1,1.0,0.0
ESDEBSFYDBGTJC3D,1,1,0,0,0,0,1,1.0,0.0
KJLEKHE3VEM35RP5,1,0,0,1,0,0,1,3.0,50.0
B0050NVBLO,1,0,1,0,0,0,1,2.0,25.0
B008XNJXXQ,1,0,0,0,0,1,1,5.0,100.0
B00EI4CDMM,1,0,0,0,0,1,1,5.0,100.0
679064785541,1,0,0,0,0,1,1,5.0,100.0
681840380907,1,0,0,0,1,0,1,4.0,75.0
209521,1,0,0,0,0,1,1,5.0,100.0
28992,1,0,0,0,0,1,1,5.0,100.0
B006R1MM2A,1,1,0,0,0,0,1,1.0,0.0
B00DRE2YB4,1,1,0,0,0,0,1,1.0,0.0
B00DUBURVS,1,1,0,0,0,0,1,1.0,0.0
B011CFK1EG,1,0,0,1,0,0,1,3.0,50.0
B01HK455J4,1,0,0,1,0,0,1,3.0,50.0
B01LYZL1GJ,1,0,0,0,0,1,1,5.0,100.0
